index  time  position  velocity 
    0  0.00      0.00      0.00 
    1  0.01      0.00      0.00 
    2  0.02      0.00     -0.09 
    3  0.03     -0.00     -0.01 
    4  0.04     -0.00      0.02 
    5  0.05     -0.00      0.02 
    6  0.06     -0.00     -0.08 
    7  0.07     -0.00     -0.08 
    8  0.08     -0.00     -0.08 
    9  0.09     -0.00     -0.07 
   10  0.10     -0.00     -0.17 
   11  0.11     -0.01     -0.09 
   12  0.12     -0.01     -0.12 
   13  0.13     -0.01     -0.22 
   14  0.14     -0.01     -0.20 
   15  0.15     -0.01     -0.17 
   16  0.16     -0.01      0.02 
   17  0.17     -0.01     -0.04 
   18  0.18     -0.01     -0.10 
   19  0.19     -0.01     -0.24 
   20  0.20     -0.02     -0.11 
   21  0.21     -0.02     -0.06 
   22  0.22     -0.02     -0.15 
   23  0.23     -0.02     -0.10 
   24  0.24     -0.02     -0.10 
   25  0.25     -0.02     -0.05 
   26  0.26     -0.02     -0.17 
   27  0.27     -0.02     -0.15 
   28  0.28     -0.03      0.02 
   29  0.29     -0.03     -0.02 
   30  0.30     -0.03     -0.03 
   31  0.31     -0.03     -0.10 
   32  0.32     -0.03      0.01 
   33  0.33     -0.03     -0.07 
   34  0.34     -0.03     -0.10 
   35  0.35     -0.03     -0.16 
   36  0.36     -0.03     -0.15 
   37  0.37     -0.03     -0.09 
   38  0.38     -0.03     -0.12 
   39  0.39     -0.03     -0.14 
   40  0.40     -0.04      0.03 
   41  0.41     -0.03     -0.01 
   42  0.42     -0.03     -0.04 
   43  0.43     -0.04     -0.09 
   44  0.44     -0.04     -0.40 
   45  0.45     -0.04     -0.36 
   46  0.46     -0.04     -0.30 
   47  0.47     -0.05     -0.28 
   48  0.48     -0.05     -0.24 
   49  0.49     -0.05     -0.15 
   50  0.50     -0.05     -0.05 
   51  0.51     -0.05     -0.11 
   52  0.52     -0.06     -0.11 
   53  0.53     -0.06     -0.10 
   54  0.54     -0.06     -0.22 
   55  0.55     -0.06     -0.27 
   56  0.56     -0.06     -0.17 
   57  0.57     -0.06     -0.14 
   58  0.58     -0.07     -0.14 
   59  0.59     -0.07     -0.14 
   60  0.60     -0.07     -0.05 
   61  0.61     -0.07      0.01 
   62  0.62     -0.07     -0.01 
   63  0.63     -0.07     -0.02 
   64  0.64     -0.07     -0.09 
   65  0.65     -0.07      0.02 
   66  0.66     -0.07     -0.16 
   67  0.67     -0.07     -0.14 
   68  0.68     -0.07     -0.12 
   69  0.69     -0.07     -0.06 
   70  0.70     -0.07      0.02 
   71  0.71     -0.07      0.01 
   72  0.72     -0.07      0.01 
   73  0.73     -0.07     -0.07 
   74  0.74     -0.07     -0.01 
   75  0.75     -0.07      0.02 
   76  0.76     -0.07      0.06 
   77  0.77     -0.07     -0.00 
   78  0.78     -0.07     -0.01 
   79  0.79     -0.07      0.01 
   80  0.80     -0.07      0.01 
   81  0.81     -0.07     -0.09 
   82  0.82     -0.07     -0.13 
   83  0.83     -0.08     -0.07 
   84  0.84     -0.08     -0.19 
   85  0.85     -0.08     -0.18 
   86  0.86     -0.08     -0.10 
   87  0.87     -0.08     -0.16 
   88  0.88     -0.08     -0.10 
   89  0.89     -0.08     -0.08 
   90  0.90     -0.08     -0.14 
   91  0.91     -0.09     -0.09 
   92  0.92     -0.09     -0.04 
   93  0.93     -0.09      0.02 
   94  0.94     -0.09      0.02 
   95  0.95     -0.09      0.21 
   96  0.96     -0.08      0.19 
   97  0.97     -0.08      0.23 
   98  0.98     -0.08      0.10 
   99  0.99     -0.08     -0.00 
  100  1.00     -0.08     -0.04 
  101  1.01     -0.08     -0.16 
  102  1.02     -0.08     -0.26 
  103  1.03     -0.08     -0.28 
  104  1.04     -0.09     -0.25 
  105  1.05     -0.09     -0.29 
  106  1.06     -0.09     -0.14 
  107  1.07     -0.09     -0.03 
  108  1.08     -0.09     -0.03 
  109  1.09     -0.09     -0.04 
  110  1.10     -0.09     -0.03 
  111  1.11     -0.09     -0.02 
  112  1.12     -0.10     -0.17 
  113  1.13     -0.10     -0.05 
  114  1.14     -0.10     -0.05 
  115  1.15     -0.10     -0.10 
  116  1.16     -0.10     -0.18 
  117  1.17     -0.10     -0.27 
  118  1.18     -0.10     -0.25 
  119  1.19     -0.11     -0.26 
  120  1.20     -0.11     -0.34 
  121  1.21     -0.11     -0.32 
  122  1.22     -0.11     -0.43 
  123  1.23     -0.12     -0.43 
  124  1.24     -0.12     -0.39 
  125  1.25     -0.13     -0.41 
  126  1.26     -0.13     -0.40 
  127  1.27     -0.14     -0.38 
  128  1.28     -0.14     -0.44 
  129  1.29     -0.14     -0.48 
  130  1.30     -0.15     -0.38 
  131  1.31     -0.15     -0.29 
  132  1.32     -0.16     -0.15 
  133  1.33     -0.16      0.01 
  134  1.34     -0.16     -0.01 
  135  1.35     -0.16     -0.07 
  136  1.36     -0.16     -0.08 
  137  1.37     -0.16      0.06 
  138  1.38     -0.16      0.05 
  139  1.39     -0.16      0.01 
  140  1.40     -0.16     -0.08 
  141  1.41     -0.16     -0.03 
  142  1.42     -0.16     -0.12 
  143  1.43     -0.16     -0.14 
  144  1.44     -0.16     -0.06 
  145  1.45     -0.16     -0.10 
  146  1.46     -0.16     -0.11 
  147  1.47     -0.16     -0.11 
  148  1.48     -0.16     -0.05 
  149  1.49     -0.17     -0.04 
  150  1.50     -0.17     -0.01 
  151  1.51     -0.17     -0.05 
  152  1.52     -0.17      0.11 
  153  1.53     -0.16      0.07 
  154  1.54     -0.16      0.09 
  155  1.55     -0.16      0.08 
  156  1.56     -0.16     -0.01 
  157  1.57     -0.16     -0.11 
  158  1.58     -0.16      0.02 
  159  1.59     -0.16      0.06 
  160  1.60     -0.16      0.15 
  161  1.61     -0.16      0.23 
  162  1.62     -0.16      0.15 
  163  1.63     -0.16      0.21 
  164  1.64     -0.16      0.20 
  165  1.65     -0.15      0.26 
  166  1.66     -0.15      0.30 
  167  1.67     -0.15      0.25 
  168  1.68     -0.15      0.32 
  169  1.69     -0.14      0.29 
  170  1.70     -0.14      0.38 
  171  1.71     -0.14      0.30 
  172  1.72     -0.13      0.27 
  173  1.73     -0.13      0.19 
  174  1.74     -0.13      0.20 
  175  1.75     -0.13      0.32 
  176  1.76     -0.12      0.25 
  177  1.77     -0.12      0.30 
  178  1.78     -0.12      0.31 
  179  1.79     -0.11      0.38 
  180  1.80     -0.11      0.33 
  181  1.81     -0.11      0.41 
  182  1.82     -0.10      0.35 
  183  1.83     -0.10      0.31 
  184  1.84     -0.10      0.29 
  185  1.85     -0.09      0.35 
  186  1.86     -0.09      0.35 
  187  1.87     -0.09      0.30 
  188  1.88     -0.08      0.38 
  189  1.89     -0.08      0.47 
  190  1.90     -0.07      0.42 
  191  1.91     -0.07      0.41 
  192  1.92     -0.07      0.34 
  193  1.93     -0.06      0.13 
  194  1.94     -0.06     -0.02 
  195  1.95     -0.06      0.02 
  196  1.96     -0.06     -0.05 
  197  1.97     -0.06     -0.10 
  198  1.98     -0.06     -0.10 
  199  1.99     -0.06     -0.11 
  200  2.00     -0.07     -0.12 
  201  2.01     -0.07     -0.06 
  202  2.02     -0.07     -0.02 
  203  2.03     -0.07     -0.03 
  204  2.04     -0.07     -0.05 
  205  2.05     -0.07     -0.11 
  206  2.06     -0.07     -0.07 
  207  2.07     -0.07     -0.04 
  208  2.08     -0.07     -0.01 
  209  2.09     -0.07     -0.12 
  210  2.10     -0.07     -0.14 
  211  2.11     -0.07     -0.06 
  212  2.12     -0.07     -0.14 
  213  2.13     -0.08     -0.08 
  214  2.14     -0.08     -0.02 
  215  2.15     -0.08     -0.04 
  216  2.16     -0.08     -0.08 
  217  2.17     -0.08      0.03 
  218  2.18     -0.08      0.05 
  219  2.19     -0.08     -0.01 
  220  2.20     -0.08     -0.04 
  221  2.21     -0.08     -0.06 
  222  2.22     -0.08      0.01 
  223  2.23     -0.08      0.19 
  224  2.24     -0.08      0.15 
  225  2.25     -0.07      0.08 
  226  2.26     -0.07      0.17 
  227  2.27     -0.07      0.22 
  228  2.28     -0.07      0.18 
  229  2.29     -0.07      0.20 
  230  2.30     -0.07      0.16 
  231  2.31     -0.06      0.11 
  232  2.32     -0.06      0.20 
  233  2.33     -0.06      0.30 
  234  2.34     -0.06      0.36 
  235  2.35     -0.05      0.34 
  236  2.36     -0.05      0.31 
  237  2.37     -0.05      0.27 
  238  2.38     -0.05      0.41 
  239  2.39     -0.04      0.49 
  240  2.40     -0.04      0.68 
  241  2.41     -0.03      0.68 
  242  2.42     -0.02      0.67 
  243  2.43     -0.02      0.66 
  244  2.44     -0.01      0.88 
  245  2.45     -0.00      0.99 
  246  2.46      0.01      1.03 
  247  2.47      0.02      1.08 
  248  2.48      0.03      1.08 
  249  2.49      0.04      1.14 
  250  2.50      0.05      1.08 
  251  2.51      0.06      1.01 
  252  2.52      0.07      0.99 
  253  2.53      0.08      1.04 
  254  2.54      0.09      1.15 
  255  2.55      0.11      1.14 
  256  2.56      0.12      1.18 
  257  2.57      0.13      1.19 
  258  2.58      0.14      1.30 
  259  2.59      0.15      1.33 
  260  2.60      0.17      1.25 
  261  2.61      0.18      1.27 
  262  2.62      0.19      1.32 
  263  2.63      0.20      1.21 
  264  2.64      0.22      1.31 
  265  2.65      0.23      1.26 
  266  2.66      0.24      1.21 
  267  2.67      0.25      1.21 
  268  2.68      0.27      1.21 
  269  2.69      0.28      1.18 
  270  2.70      0.29      1.23 
  271  2.71      0.30      1.26 
  272  2.72      0.32      1.37 
  273  2.73      0.33      1.40 
  274  2.74      0.34      1.52 
  275  2.75      0.36      1.31 
  276  2.76      0.37      1.36 
  277  2.77      0.39      1.41 
  278  2.78      0.40      1.43 
  279  2.79      0.41      1.34 
  280  2.80      0.43      1.37 
  281  2.81      0.44      1.33 
  282  2.82      0.45      1.22 
  283  2.83      0.47      1.17 
  284  2.84      0.48      1.10 
  285  2.85      0.49      1.09 
  286  2.86      0.50      1.00 
  287  2.87      0.51      1.01 
  288  2.88      0.52      0.96 
  289  2.89      0.53      0.75 
  290  2.90      0.54      0.67 
  291  2.91      0.54      0.59 
  292  2.92      0.55      0.60 
  293  2.93      0.56      0.62 
  294  2.94      0.56      0.81 
  295  2.95      0.57      0.88 
  296  2.96      0.58      0.93 
  297  2.97      0.59      0.77 
  298  2.98      0.60      0.91 
  299  2.99      0.60      0.98 
  300  3.00      0.61      0.96 
  301  3.01      0.62      0.80 
  302  3.02      0.63      0.69 
  303  3.03      0.64      0.67 
  304  3.04      0.65      0.66 
  305  3.05      0.65      0.58 
  306  3.06      0.66      0.49 
  307  3.07      0.66      0.45 
  308  3.08      0.67      0.49 
  309  3.09      0.67      0.46 
  310  3.10      0.68      0.47 
  311  3.11      0.68      0.47 
  312  3.12      0.69      0.49 
  313  3.13      0.69      0.58 
  314  3.14      0.70      0.57 
  315  3.15      0.70      0.64 
  316  3.16      0.71      0.64 
  317  3.17      0.72      0.58 
  318  3.18      0.72      0.61 
  319  3.19      0.73      0.49 
  320  3.20      0.73      0.46 
  321  3.21      0.74      0.40 
  322  3.22      0.74      0.52 
  323  3.23      0.75      0.40 
  324  3.24      0.75      0.30 
  325  3.25      0.75      0.28 
  326  3.26      0.76      0.35 
  327  3.27      0.76      0.31 
  328  3.28      0.76      0.35 
  329  3.29      0.77      0.45 
  330  3.30      0.77      0.33 
  331  3.31      0.77      0.28 
  332  3.32      0.78      0.28 
  333  3.33      0.78      0.31 
  334  3.34      0.78      0.38 
  335  3.35      0.79      0.46 
  336  3.36      0.79      0.39 
  337  3.37      0.79      0.29 
  338  3.38      0.80      0.29 
  339  3.39      0.80      0.23 
  340  3.40      0.80      0.31 
  341  3.41      0.81      0.28 
  342  3.42      0.81      0.25 
  343  3.43      0.81      0.34 
  344  3.44      0.81      0.34 
  345  3.45      0.82      0.14 
  346  3.46      0.82      0.19 
  347  3.47      0.82      0.17 
  348  3.48      0.82      0.22 
  349  3.49      0.83      0.31 
  350  3.50      0.83      0.19 
  351  3.51      0.83      0.25 
  352  3.52      0.83      0.27 
  353  3.53      0.84      0.29 
  354  3.54      0.84      0.10 
  355  3.55      0.84      0.05 
  356  3.56      0.84      0.13 
  357  3.57      0.84      0.12 
  358  3.58      0.84      0.05 
  359  3.59      0.84      0.02 
  360  3.60      0.84     -0.07 
  361  3.61      0.84     -0.07 
  362  3.62      0.84     -0.10 
  363  3.63      0.84     -0.05 
  364  3.64      0.84     -0.12 
  365  3.65      0.84     -0.14 
  366  3.66      0.84     -0.19 
  367  3.67      0.84     -0.21 
  368  3.68      0.83     -0.13 
  369  3.69      0.83     -0.17 
  370  3.70      0.83     -0.12 
  371  3.71      0.83     -0.09 
  372  3.72      0.83     -0.02 
  373  3.73      0.83     -0.05 
  374  3.74      0.83     -0.03 
  375  3.75      0.83     -0.23 
  376  3.76      0.83     -0.30 
  377  3.77      0.82     -0.25 
  378  3.78      0.82     -0.37 
  379  3.79      0.82     -0.43 
  380  3.80      0.81     -0.49 
  381  3.81      0.81     -0.48 
  382  3.82      0.80     -0.39 
  383  3.83      0.80     -0.43 
  384  3.84      0.79     -0.59 
  385  3.85      0.79     -0.63 
  386  3.86      0.78     -0.76 
  387  3.87      0.77     -0.90 
  388  3.88      0.76     -0.87 
  389  3.89      0.76     -0.84 
  390  3.90      0.75     -0.77 
  391  3.91      0.74     -0.76 
  392  3.92      0.73     -0.71 
  393  3.93      0.73     -0.56 
  394  3.94      0.72     -0.48 
  395  3.95      0.72     -0.37 
  396  3.96      0.71     -0.35 
  397  3.97      0.71     -0.45 
  398  3.98      0.70     -0.52 
  399  3.99      0.70     -0.60 
  400  4.00      0.69     -0.51 
  401  4.01      0.69     -0.47 
  402  4.02      0.68     -0.47 
  403  4.03      0.68     -0.42 
  404  4.04      0.67     -0.44 
  405  4.05      0.67     -0.50 
  406  4.06      0.66     -0.51 
  407  4.07      0.66     -0.55 
  408  4.08      0.65     -0.60 
  409  4.09      0.65     -0.47 
  410  4.10      0.64     -0.32 
  411  4.11      0.64     -0.34 
  412  4.12      0.64     -0.36 
  413  4.13      0.63     -0.56 
  414  4.14      0.63     -0.69 
  415  4.15      0.62     -0.79 
  416  4.16      0.61     -0.78 
  417  4.17      0.60     -0.89 
  418  4.18      0.60     -0.84 
  419  4.19      0.59     -0.66 
  420  4.20      0.58     -0.75 
  421  4.21      0.57     -0.72 
  422  4.22      0.57     -0.61 
  423  4.23      0.56     -0.56 
  424  4.24      0.55     -0.41 
  425  4.25      0.55     -0.45 
  426  4.26      0.55     -0.55 
  427  4.27      0.54     -0.63 
  428  4.28      0.53     -0.50 
  429  4.29      0.53     -0.47 
  430  4.30      0.52     -0.45 
  431  4.31      0.52     -0.50 
  432  4.32      0.51     -0.54 
  433  4.33      0.51     -0.48 
  434  4.34      0.50     -0.44 
  435  4.35      0.50     -0.48 
  436  4.36      0.50     -0.40 
  437  4.37      0.49     -0.29 
  438  4.38      0.49     -0.31 
  439  4.39      0.49     -0.25 
  440  4.40      0.48     -0.17 
  441  4.41      0.48     -0.21 
  442  4.42      0.48     -0.25 
  443  4.43      0.48     -0.13 
  444  4.44      0.47     -0.10 
  445  4.45      0.47     -0.13 
  446  4.46      0.47     -0.16 
  447  4.47      0.47     -0.14 
  448  4.48      0.47     -0.16 
  449  4.49      0.47     -0.20 
  450  4.50      0.47     -0.27 
  451  4.51      0.46     -0.08 
  452  4.52      0.46     -0.03 
  453  4.53      0.46     -0.10 
  454  4.54      0.46     -0.15 
  455  4.55      0.46     -0.02 
  456  4.56      0.46     -0.04 
  457  4.57      0.46     -0.10 
  458  4.58      0.46     -0.04 
  459  4.59      0.46     -0.04 
  460  4.60      0.46     -0.01 
  461  4.61      0.46     -0.02 
  462  4.62      0.46      0.05 
  463  4.63      0.46      0.03 
  464  4.64      0.46      0.05 
  465  4.65      0.46      0.03 
  466  4.66      0.46      0.16 
  467  4.67      0.46      0.21 
  468  4.68      0.46      0.28 
  469  4.69      0.46      0.28 
  470  4.70      0.47      0.24 
  471  4.71      0.47      0.25 
  472  4.72      0.47      0.28 
  473  4.73      0.48      0.24 
  474  4.74      0.48      0.26 
  475  4.75      0.48      0.30 
  476  4.76      0.48      0.28 
  477  4.77      0.49      0.24 
  478  4.78      0.49      0.27 
  479  4.79      0.49      0.23 
  480  4.80      0.49      0.28 
  481  4.81      0.50      0.28 
  482  4.82      0.50      0.26 
  483  4.83      0.50      0.24 
  484  4.84      0.50      0.24 
  485  4.85      0.51      0.35 
  486  4.86      0.51      0.28 
  487  4.87      0.51      0.34 
  488  4.88      0.52      0.45 
  489  4.89      0.52      0.53 
  490  4.90      0.53      0.55 
  491  4.91      0.53      0.62 
  492  4.92      0.54      0.69 
  493  4.93      0.54      0.68 
  494  4.94      0.55      0.82 
  495  4.95      0.56      0.85 
  496  4.96      0.57      0.83 
  497  4.97      0.58      0.82 
  498  4.98      0.58      0.78 
  499  4.99      0.59      0.80 
  500  5.00      0.60      0.69 
  501  5.01      0.61      0.68 
  502  5.02      0.61      0.57 
  503  5.03      0.62      0.57 
  504  5.04      0.63      0.55 
  505  5.05      0.63      0.71 
  506  5.06      0.64      0.65 
  507  5.07      0.64      0.63 
  508  5.08      0.65      0.73 
  509  5.09      0.66      0.68 
  510  5.10      0.66      0.74 
  511  5.11      0.67      0.63 
  512  5.12      0.68      0.64 
  513  5.13      0.69      0.61 
  514  5.14      0.69      0.67 
  515  5.15      0.70      0.62 
  516  5.16      0.70      0.57 
  517  5.17      0.71      0.65 
  518  5.18      0.72      0.69 
  519  5.19      0.72      0.70 
  520  5.20      0.73      0.74 
  521  5.21      0.74      0.81 
  522  5.22      0.75      0.73 
  523  5.23      0.75      0.57 
  524  5.24      0.76      0.54 
  525  5.25      0.76      0.51 
  526  5.26      0.77      0.44 
  527  5.27      0.77      0.51 
  528  5.28      0.78      0.59 
  529  5.29      0.78      0.52 
  530  5.30      0.79      0.57 
  531  5.31      0.80      0.56 
  532  5.32      0.80      0.53 
  533  5.33      0.81      0.52 
  534  5.34      0.81      0.67 
  535  5.35      0.82      0.68 
  536  5.36      0.82      0.65 
  537  5.37      0.83      0.63 
  538  5.38      0.84      0.52 
  539  5.39      0.84      0.51 
  540  5.40      0.85      0.37 
  541  5.41      0.85      0.26 
  542  5.42      0.85      0.25 
  543  5.43      0.86      0.24 
  544  5.44      0.86      0.18 
  545  5.45      0.86      0.13 
  546  5.46      0.86      0.18 
  547  5.47      0.86      0.13 
  548  5.48      0.87      0.14 
  549  5.49      0.87      0.10 
  550  5.50      0.87      0.05 
  551  5.51      0.87      0.07 
  552  5.52      0.87     -0.05 
  553  5.53      0.87     -0.04 
  554  5.54      0.87      0.02 
  555  5.55      0.87     -0.12 
  556  5.56      0.87     -0.15 
  557  5.57      0.87     -0.24 
  558  5.58      0.86     -0.13 
  559  5.59      0.86      0.01 
  560  5.60      0.86     -0.08 
  561  5.61      0.86     -0.11 
  562  5.62      0.86     -0.07 
  563  5.63      0.86     -0.06 
  564  5.64      0.86     -0.04 
  565  5.65      0.86     -0.01 
  566  5.66      0.86      0.01 
  567  5.67      0.86      0.07 
  568  5.68      0.86      0.02 
  569  5.69      0.86     -0.01 
  570  5.70      0.86      0.05 
  571  5.71      0.86      0.04 
  572  5.72      0.86     -0.06 
  573  5.73      0.86     -0.06 
  574  5.74      0.86      0.14 
  575  5.75      0.86      0.08 
  576  5.76      0.86     -0.00 
  577  5.77      0.86     -0.09 
  578  5.78      0.86     -0.11 
  579  5.79      0.86     -0.27 
  580  5.80      0.86     -0.32 
  581  5.81      0.85     -0.20 
  582  5.82      0.85     -0.22 
  583  5.83      0.85     -0.08 
  584  5.84      0.85     -0.11 
  585  5.85      0.85     -0.13 
  586  5.86      0.85     -0.19 
  587  5.87      0.84     -0.18 
  588  5.88      0.84     -0.16 
  589  5.89      0.84     -0.15 
  590  5.90      0.84     -0.19 
  591  5.91      0.84     -0.28 
  592  5.92      0.83     -0.28 
  593  5.93      0.83     -0.16 
  594  5.94      0.83     -0.12 
  595  5.95      0.83     -0.15 
  596  5.96      0.83     -0.02 
  597  5.97      0.83      0.03 
  598  5.98      0.83     -0.11 
  599  5.99      0.83     -0.14 
  600  6.00      0.82     -0.07 
  601  6.01      0.82     -0.01 
  602  6.02      0.82      0.08 
  603  6.03      0.82      0.09 
  604  6.04      0.83      0.02 
  605  6.05      0.83      0.05 
  606  6.06      0.83     -0.10 
  607  6.07      0.82     -0.07 
  608  6.08      0.82     -0.14 
  609  6.09      0.82     -0.18 
  610  6.10      0.82     -0.12 
  611  6.11      0.82     -0.04 
  612  6.12      0.82     -0.04 
  613  6.13      0.82     -0.14 
  614  6.14      0.82     -0.17 
  615  6.15      0.82     -0.22 
  616  6.16      0.81     -0.13 
  617  6.17      0.81     -0.28 
  618  6.18      0.81     -0.20 
  619  6.19      0.81     -0.14 
  620  6.20      0.81     -0.26 
  621  6.21      0.80     -0.32 
  622  6.22      0.80     -0.29 
  623  6.23      0.80     -0.26 
  624  6.24      0.80     -0.27 
  625  6.25      0.79     -0.29 
  626  6.26      0.79     -0.36 
  627  6.27      0.79     -0.36 
  628  6.28      0.78     -0.45 
  629  6.29      0.78     -0.45 
  630  6.30      0.77     -0.44 
  631  6.31      0.77     -0.35 
  632  6.32      0.77     -0.28 
  633  6.33      0.76     -0.16 
  634  6.34      0.76     -0.12 
  635  6.35      0.76     -0.19 
  636  6.36      0.76     -0.16 
  637  6.37      0.76     -0.20 
  638  6.38      0.75     -0.15 
  639  6.39      0.75     -0.12 
  640  6.40      0.75     -0.13 
  641  6.41      0.75     -0.13 
  642  6.42      0.75     -0.15 
  643  6.43      0.75     -0.26 
  644  6.44      0.74     -0.18 
  645  6.45      0.74     -0.12 
  646  6.46      0.74     -0.23 
  647  6.47      0.74     -0.19 
  648  6.48      0.74     -0.16 
  649  6.49      0.74     -0.21 
  650  6.50      0.73     -0.25 
  651  6.51      0.73     -0.21 
  652  6.52      0.73     -0.23 
  653  6.53      0.73     -0.29 
  654  6.54      0.72     -0.31 
  655  6.55      0.72     -0.35 
  656  6.56      0.72     -0.36 
  657  6.57      0.71     -0.43 
  658  6.58      0.71     -0.33 
  659  6.59      0.71     -0.31 
  660  6.60      0.70     -0.30 
  661  6.61      0.70     -0.41 
  662  6.62      0.70     -0.48 
  663  6.63      0.69     -0.45 
  664  6.64      0.69     -0.54 
  665  6.65      0.68     -0.66 
  666  6.66      0.67     -0.71 
  667  6.67      0.67     -0.89 
  668  6.68      0.66     -0.93 
  669  6.69      0.65     -0.81 
  670  6.70      0.64     -0.77 
  671  6.71      0.63     -1.01 
  672  6.72      0.62     -1.03 
  673  6.73      0.61     -0.96 
  674  6.74      0.60     -0.87 
  675  6.75      0.59     -0.74 
  676  6.76      0.59     -0.78 
  677  6.77      0.58     -0.82 
  678  6.78      0.57     -0.83 
  679  6.79      0.56     -0.82 
  680  6.80      0.55     -0.79 
  681  6.81      0.55     -0.92 
  682  6.82      0.54     -0.93 
  683  6.83      0.53     -0.95 
  684  6.84      0.52     -0.98 
  685  6.85      0.51     -0.95 
  686  6.86      0.50     -0.92 
  687  6.87      0.49     -0.84 
  688  6.88      0.48     -0.93 
  689  6.89      0.47     -0.88 
  690  6.90      0.46     -0.86 
  691  6.91      0.46     -0.95 
  692  6.92      0.45     -1.01 
  693  6.93      0.44     -1.07 
  694  6.94      0.43     -0.84 
  695  6.95      0.42     -0.92 
  696  6.96      0.41     -0.85 
  697  6.97      0.40     -0.85 
  698  6.98      0.39     -0.82 
  699  6.99      0.38     -0.76 
  700  7.00      0.37     -0.73 
  701  7.01      0.37     -0.75 
  702  7.02      0.36     -0.59 
  703  7.03      0.35     -0.50 
  704  7.04      0.35     -0.39 
  705  7.05      0.34     -0.39 
  706  7.06      0.34     -0.33 
  707  7.07      0.34     -0.35 
  708  7.08      0.33     -0.32 
  709  7.09      0.33     -0.18 
  710  7.10      0.33     -0.21 
  711  7.11      0.33     -0.29 
  712  7.12      0.32     -0.41 
  713  7.13      0.32     -0.37 
  714  7.14      0.32     -0.41 
  715  7.15      0.31     -0.46 
  716  7.16      0.31     -0.38 
  717  7.17      0.30     -0.49 
  718  7.18      0.30     -0.54 
  719  7.19      0.29     -0.52 
  720  7.20      0.29     -0.73 
  721  7.21      0.28     -0.65 
  722  7.22      0.27     -0.71 
  723  7.23      0.27     -0.66 
  724  7.24      0.26     -0.76 
  725  7.25      0.25     -0.70 
  726  7.26      0.25     -0.67 
  727  7.27      0.24     -0.75 
  728  7.28      0.23     -0.73 
  729  7.29      0.23     -0.64 
  730  7.30      0.22     -0.69 
  731  7.31      0.21     -0.73 
  732  7.32      0.20     -0.76 
  733  7.33      0.20     -0.76 
  734  7.34      0.19     -0.79 
  735  7.35      0.18     -0.81 
  736  7.36      0.17     -0.81 
  737  7.37      0.17     -0.62 
  738  7.38      0.16     -0.64 
  739  7.39      0.15     -0.59 
  740  7.40      0.15     -0.47 
  741  7.41      0.14     -0.39 
  742  7.42      0.14     -0.39 
  743  7.43      0.13     -0.25 
  744  7.44      0.13     -0.28 
  745  7.45      0.13     -0.28 
  746  7.46      0.13     -0.22 
  747  7.47      0.12     -0.21 
  748  7.48      0.12     -0.20 
  749  7.49      0.12     -0.23 
  750  7.50      0.12     -0.25 
  751  7.51      0.11     -0.15 
  752  7.52      0.11     -0.12 
  753  7.53      0.11     -0.00 
  754  7.54      0.11     -0.03 
  755  7.55      0.11      0.14 
  756  7.56      0.11      0.19 
  757  7.57      0.12      0.24 
  758  7.58      0.12      0.24 
  759  7.59      0.12      0.23 
  760  7.60      0.12      0.28 
  761  7.61      0.13      0.25 
  762  7.62      0.13      0.26 
  763  7.63      0.13      0.35 
  764  7.64      0.13      0.39 
  765  7.65      0.14      0.44 
  766  7.66      0.14      0.50 
  767  7.67      0.15      0.49 
  768  7.68      0.15      0.59 
  769  7.69      0.16      0.62 
  770  7.70      0.16      0.62 
  771  7.71      0.17      0.63 
  772  7.72      0.18      0.59 
  773  7.73      0.18      0.55 
  774  7.74      0.19      0.52 
  775  7.75      0.19      0.45 
  776  7.76      0.20      0.54 
  777  7.77      0.20      0.55 
  778  7.78      0.21      0.52 
  779  7.79      0.21      0.56 
  780  7.80      0.22      0.57 
  781  7.81      0.23      0.63 
  782  7.82      0.23      0.59 
  783  7.83      0.24      0.52 
  784  7.84      0.24      0.44 
  785  7.85      0.25      0.53 
  786  7.86      0.25      0.49 
  787  7.87      0.26      0.47 
  788  7.88      0.26      0.26 
  789  7.89      0.26      0.31 
  790  7.90      0.27      0.21 
  791  7.91      0.27      0.34 
  792  7.92      0.27      0.28 
  793  7.93      0.28      0.18 
  794  7.94      0.28      0.27 
  795  7.95      0.28      0.35 
  796  7.96      0.28      0.43 
  797  7.97      0.29      0.38 
  798  7.98      0.29      0.43 
  799  7.99      0.30      0.45 
  800  8.00      0.30      0.51 
  801  8.01      0.31      0.39 
  802  8.02      0.31      0.47 
  803  8.03      0.31      0.49 
  804  8.04      0.32      0.56 
  805  8.05      0.32      0.66 
  806  8.06      0.33      0.70 
  807  8.07      0.34      0.52 
  808  8.08      0.34      0.54 
  809  8.09      0.35      0.59 
  810  8.10      0.36      0.72 
  811  8.11      0.36      0.57 
  812  8.12      0.37      0.55 
  813  8.13      0.37      0.55 
  814  8.14      0.38      0.42 
  815  8.15      0.38      0.39 
  816  8.16      0.39      0.36 
  817  8.17      0.39      0.51 
  818  8.18      0.40      0.51 
  819  8.19      0.40      0.37 
  820  8.20      0.40      0.31 
  821  8.21      0.41      0.34 
  822  8.22      0.41      0.38 
  823  8.23      0.41      0.47 
  824  8.24      0.42      0.40 
  825  8.25      0.42      0.44 
  826  8.26      0.43      0.42 
  827  8.27      0.43      0.38 
  828  8.28      0.44      0.41 
  829  8.29      0.44      0.37 
  830  8.30      0.44      0.30 
  831  8.31      0.45      0.14 
  832  8.32      0.45      0.17 
  833  8.33      0.45      0.23 
  834  8.34      0.45      0.16 
  835  8.35      0.45      0.18 
  836  8.36      0.46      0.06 
  837  8.37      0.46      0.05 
  838  8.38      0.46     -0.04 
  839  8.39      0.46     -0.09 
  840  8.40      0.46     -0.22 
  841  8.41      0.45     -0.23 
  842  8.42      0.45     -0.35 
  843  8.43      0.45     -0.37 
  844  8.44      0.44     -0.41 
  845  8.45      0.44     -0.48 
  846  8.46      0.43     -0.46 
  847  8.47      0.43     -0.34 
  848  8.48      0.43     -0.31 
  849  8.49      0.42     -0.30 
  850  8.50      0.42     -0.29 
  851  8.51      0.42     -0.31 
  852  8.52      0.41     -0.35 
  853  8.53      0.41     -0.31 
  854  8.54      0.41     -0.41 
  855  8.55      0.40     -0.40 
  856  8.56      0.40     -0.28 
  857  8.57      0.40     -0.41 
  858  8.58      0.39     -0.59 
  859  8.59      0.39     -0.55 
  860  8.60      0.38     -0.60 
  861  8.61      0.38     -0.57 
  862  8.62      0.37     -0.52 
  863  8.63      0.36     -0.62 
  864  8.64      0.36     -0.60 
  865  8.65      0.35     -0.59 
  866  8.66      0.35     -0.62 
  867  8.67      0.34     -0.56 
  868  8.68      0.34     -0.40 
  869  8.69      0.33     -0.41 
  870  8.70      0.33     -0.45 
  871  8.71      0.32     -0.53 
  872  8.72      0.32     -0.55 
  873  8.73      0.31     -0.61 
  874  8.74      0.31     -0.50 
  875  8.75      0.30     -0.50 
  876  8.76      0.30     -0.58 
  877  8.77      0.29     -0.53 
  878  8.78      0.28     -0.52 
  879  8.79      0.28     -0.50 
  880  8.80      0.27     -0.53 
  881  8.81      0.27     -0.51 
  882  8.82      0.26     -0.46 
  883  8.83      0.26     -0.41 
  884  8.84      0.26     -0.48 
  885  8.85      0.25     -0.57 
  886  8.86      0.24     -0.52 
  887  8.87      0.24     -0.65 
  888  8.88      0.23     -0.61 
  889  8.89      0.23     -0.52 
  890  8.90      0.22     -0.49 
  891  8.91      0.22     -0.51 
  892  8.92      0.21     -0.49 
  893  8.93      0.21     -0.56 
  894  8.94      0.20     -0.60 
  895  8.95      0.20     -0.62 
  896  8.96      0.19     -0.71 
  897  8.97      0.18     -0.63 
  898  8.98      0.18     -0.69 
  899  8.99      0.17     -0.77 
  900  9.00      0.16     -0.69 
  901  9.01      0.15     -0.78 
  902  9.02      0.15     -0.66 
  903  9.03      0.14     -0.61 
  904  9.04      0.13     -0.66 
  905  9.05      0.13     -0.68 
  906  9.06      0.12     -0.82 
  907  9.07      0.11     -0.93 
  908  9.08      0.10     -1.06 
  909  9.09      0.09     -1.12 
  910  9.10      0.08     -1.13 
  911  9.11      0.07     -0.95 
  912  9.12      0.06     -0.99 
  913  9.13      0.05     -1.00 
  914  9.14      0.04     -1.05 
  915  9.15      0.03     -1.07 
  916  9.16      0.02     -1.12 
  917  9.17      0.01     -1.03 
  918  9.18     -0.00     -1.14 
  919  9.19     -0.01     -1.14 
  920  9.20     -0.03     -1.20 
  921  9.21     -0.04     -1.37 
  922  9.22     -0.05     -1.33 
  923  9.23     -0.06     -1.23 
  924  9.24     -0.08     -1.13 
  925  9.25     -0.09     -1.12 
  926  9.26     -0.10     -1.21 
  927  9.27     -0.11     -1.27 
  928  9.28     -0.12     -1.32 
  929  9.29     -0.14     -1.40 
  930  9.30     -0.15     -1.39 
  931  9.31     -0.16     -1.43 
  932  9.32     -0.18     -1.33 
  933  9.33     -0.19     -1.26 
  934  9.34     -0.21     -1.25 
  935  9.35     -0.22     -1.35 
  936  9.36     -0.23     -1.35 
  937  9.37     -0.24     -1.42 
  938  9.38     -0.26     -1.32 
  939  9.39     -0.27     -1.20 
  940  9.40     -0.28     -1.40 
  941  9.41     -0.30     -1.49 
  942  9.42     -0.31     -1.48 
  943  9.43     -0.33     -1.57 
  944  9.44     -0.34     -1.50 
  945  9.45     -0.36     -1.36 
  946  9.46     -0.37     -1.42 
  947  9.47     -0.39     -1.31 
  948  9.48     -0.40     -1.24 
  949  9.49     -0.41     -1.20 
  950  9.50     -0.42     -1.26 
  951  9.51     -0.44     -1.37 
  952  9.52     -0.45     -1.38 
  953  9.53     -0.46     -1.25 
  954  9.54     -0.48     -1.16 
  955  9.55     -0.49     -1.10 
  956  9.56     -0.50     -1.07 
  957  9.57     -0.51     -0.97 
  958  9.58     -0.52     -0.92 
  959  9.59     -0.53     -0.97 
  960  9.60     -0.54     -0.99 
  961  9.61     -0.55     -1.02 
  962  9.62     -0.56     -0.81 
  963  9.63     -0.57     -0.84 
  964  9.64     -0.57     -0.71 
  965  9.65     -0.58     -0.68 
  966  9.66     -0.59     -0.68 
  967  9.67     -0.60     -0.65 
  968  9.68     -0.60     -0.78 
  969  9.69     -0.61     -0.77 
  970  9.70     -0.62     -0.70 
  971  9.71     -0.62     -0.78 
  972  9.72     -0.63     -0.84 
  973  9.73     -0.64     -1.02 
  974  9.74     -0.65     -1.04 
  975  9.75     -0.66     -1.04 
  976  9.76     -0.67     -0.98 
  977  9.77     -0.68     -0.94 
  978  9.78     -0.69     -0.82 
  979  9.79     -0.70     -0.78 
  980  9.80     -0.71     -0.85 
  981  9.81     -0.72     -0.82 
  982  9.82     -0.72     -0.89 
  983  9.83     -0.73     -0.96 
  984  9.84     -0.74     -1.02 
  985  9.85     -0.75     -1.06 
  986  9.86     -0.76     -0.95 
  987  9.87     -0.77     -0.78 
  988  9.88     -0.78     -0.85 
  989  9.89     -0.79     -0.77 
  990  9.90     -0.80     -0.76 
  991  9.91     -0.80     -0.77 
  992  9.92     -0.81     -0.70 
  993  9.93     -0.82     -0.73 
  994  9.94     -0.83     -0.62 
  995  9.95     -0.83     -0.60 
  996  9.96     -0.84     -0.56 
  997  9.97     -0.84     -0.66 
  998  9.98     -0.85     -0.60 
  999  9.99     -0.86     -0.66 
 1000  10.00     -0.86     -0.67 
 1001  10.01     -0.87     -0.72 
 1002  10.02     -0.88     -0.75 
 1003  10.03     -0.88     -0.75 
 1004  10.04     -0.89     -0.82 
 1005  10.05     -0.90     -0.88 
 1006  10.06     -0.91     -0.94 
 1007  10.07     -0.92     -1.05 
 1008  10.08     -0.93     -1.12 
 1009  10.09     -0.94     -1.09 
 1010  10.10     -0.95     -1.11 
 1011  10.11     -0.96     -1.24 
 1012  10.12     -0.97     -1.17 
 1013  10.13     -0.99     -1.19 
 1014  10.14     -1.00     -1.11 
 1015  10.15     -1.01     -1.15 
 1016  10.16     -1.02     -1.16 
 1017  10.17     -1.03     -1.02 
 1018  10.18     -1.04     -1.02 
 1019  10.19     -1.05     -1.11 
 1020  10.20     -1.06     -1.07 
 1021  10.21     -1.07     -1.00 
 1022  10.22     -1.08     -1.03 
 1023  10.23     -1.09     -1.04 
 1024  10.24     -1.10     -1.02 
 1025  10.25     -1.11     -1.07 
 1026  10.26     -1.13     -1.06 
 1027  10.27     -1.14     -1.00 
 1028  10.28     -1.15     -0.92 
 1029  10.29     -1.16     -0.83 
 1030  10.30     -1.16     -0.77 
 1031  10.31     -1.17     -0.73 
 1032  10.32     -1.18     -0.62 
 1033  10.33     -1.18     -0.70 
 1034  10.34     -1.19     -0.81 
 1035  10.35     -1.20     -0.65 
 1036  10.36     -1.21     -0.64 
 1037  10.37     -1.21     -0.63 
 1038  10.38     -1.22     -0.70 
 1039  10.39     -1.23     -0.75 
 1040  10.40     -1.23     -0.80 
 1041  10.41     -1.24     -0.94 
 1042  10.42     -1.25     -0.96 
 1043  10.43     -1.26     -0.91 
 1044  10.44     -1.27     -0.79 
 1045  10.45     -1.28     -0.73 
 1046  10.46     -1.28     -0.76 
 1047  10.47     -1.29     -0.71 
 1048  10.48     -1.30     -0.68 
 1049  10.49     -1.31     -0.68 
 1050  10.50     -1.31     -0.64 
 1051  10.51     -1.32     -0.52 
 1052  10.52     -1.32     -0.59 
 1053  10.53     -1.33     -0.57 
 1054  10.54     -1.34     -0.60 
 1055  10.55     -1.34     -0.63 
 1056  10.56     -1.35     -0.66 
 1057  10.57     -1.36     -0.58 
 1058  10.58     -1.36     -0.64 
 1059  10.59     -1.37     -0.75 
 1060  10.60     -1.37     -0.75 
 1061  10.61     -1.38     -0.77 
 1062  10.62     -1.39     -0.82 
 1063  10.63     -1.40     -0.90 
 1064  10.64     -1.41     -0.84 
 1065  10.65     -1.42     -0.73 
 1066  10.66     -1.42     -0.78 
 1067  10.67     -1.43     -0.70 
 1068  10.68     -1.44     -0.61 
 1069  10.69     -1.44     -0.74 
 1070  10.70     -1.45     -0.75 
 1071  10.71     -1.46     -0.73 
 1072  10.72     -1.47     -0.66 
 1073  10.73     -1.47     -0.61 
 1074  10.74     -1.48     -0.64 
 1075  10.75     -1.49     -0.54 
 1076  10.76     -1.49     -0.56 
 1077  10.77     -1.50     -0.46 
 1078  10.78     -1.50     -0.54 
 1079  10.79     -1.51     -0.77 
 1080  10.80     -1.51     -0.79 
 1081  10.81     -1.52     -0.75 
 1082  10.82     -1.53     -0.70 
 1083  10.83     -1.54     -0.69 
 1084  10.84     -1.54     -0.62 
 1085  10.85     -1.55     -0.63 
 1086  10.86     -1.56     -0.72 
 1087  10.87     -1.56     -0.70 
 1088  10.88     -1.57     -0.68 
 1089  10.89     -1.58     -0.74 
 1090  10.90     -1.58     -0.59 
 1091  10.91     -1.59     -0.74 
 1092  10.92     -1.60     -0.86 
 1093  10.93     -1.61     -0.83 
 1094  10.94     -1.61     -0.77 
 1095  10.95     -1.62     -0.81 
 1096  10.96     -1.63     -0.83 
 1097  10.97     -1.64     -0.71 
 1098  10.98     -1.65     -0.60 
 1099  10.99     -1.65     -0.66 
 1100  11.00     -1.66     -0.61 
 1101  11.01     -1.66     -0.58 
 1102  11.02     -1.67     -0.66 
 1103  11.03     -1.68     -0.65 
 1104  11.04     -1.68     -0.69 
 1105  11.05     -1.69     -0.63 
 1106  11.06     -1.70     -0.61 
 1107  11.07     -1.70     -0.57 
 1108  11.08     -1.71     -0.57 
 1109  11.09     -1.71     -0.58 
 1110  11.10     -1.72     -0.49 
 1111  11.11     -1.72     -0.44 
 1112  11.12     -1.73     -0.48 
 1113  11.13     -1.73     -0.50 
 1114  11.14     -1.74     -0.46 
 1115  11.15     -1.74     -0.44 
 1116  11.16     -1.75     -0.52 
 1117  11.17     -1.75     -0.55 
 1118  11.18     -1.76     -0.40 
 1119  11.19     -1.76     -0.36 
 1120  11.20     -1.77     -0.31 
 1121  11.21     -1.77     -0.16 
 1122  11.22     -1.77     -0.19 
 1123  11.23     -1.77     -0.16 
 1124  11.24     -1.77     -0.31 
 1125  11.25     -1.78     -0.25 
 1126  11.26     -1.78     -0.24 
 1127  11.27     -1.78     -0.17 
 1128  11.28     -1.78     -0.36 
 1129  11.29     -1.79     -0.39 
 1130  11.30     -1.79     -0.42 
 1131  11.31     -1.80     -0.40 
 1132  11.32     -1.80     -0.51 
 1133  11.33     -1.80     -0.53 
 1134  11.34     -1.81     -0.62 
 1135  11.35     -1.82     -0.64 
 1136  11.36     -1.82     -0.64 
 1137  11.37     -1.83     -0.67 
 1138  11.38     -1.84     -0.69 
 1139  11.39     -1.84     -0.68 
 1140  11.40     -1.85     -0.66 
 1141  11.41     -1.86     -0.79 
 1142  11.42     -1.86     -0.94 
 1143  11.43     -1.87     -1.05 
 1144  11.44     -1.88     -1.07 
 1145  11.45     -1.89     -0.97 
 1146  11.46     -1.90     -0.98 
 1147  11.47     -1.91     -1.01 
 1148  11.48     -1.92     -0.98 
 1149  11.49     -1.93     -1.03 
 1150  11.50     -1.94     -1.03 
 1151  11.51     -1.95     -0.85 
 1152  11.52     -1.96     -0.87 
 1153  11.53     -1.97     -0.93 
 1154  11.54     -1.98     -0.98 
 1155  11.55     -1.99     -1.11 
 1156  11.56     -2.00     -1.03 
 1157  11.57     -2.01     -1.09 
 1158  11.58     -2.02     -0.96 
 1159  11.59     -2.03     -0.97 
 1160  11.60     -2.04     -0.95 
 1161  11.61     -2.05     -1.02 
 1162  11.62     -2.06     -1.02 
 1163  11.63     -2.07     -1.04 
 1164  11.64     -2.08     -1.11 
 1165  11.65     -2.09     -1.07 
 1166  11.66     -2.10     -1.10 
 1167  11.67     -2.11     -1.03 
 1168  11.68     -2.12     -0.94 
 1169  11.69     -2.13     -1.02 
 1170  11.70     -2.14     -1.08 
 1171  11.71     -2.16     -1.05 
 1172  11.72     -2.17     -1.13 
 1173  11.73     -2.18     -1.10 
 1174  11.74     -2.19     -1.20 
 1175  11.75     -2.20     -1.22 
 1176  11.76     -2.21     -1.28 
 1177  11.77     -2.23     -1.27 
 1178  11.78     -2.24     -1.33 
 1179  11.79     -2.25     -1.44 
 1180  11.80     -2.27     -1.45 
 1181  11.81     -2.28     -1.41 
 1182  11.82     -2.29     -1.31 
 1183  11.83     -2.31     -1.32 
 1184  11.84     -2.32     -1.22 
 1185  11.85     -2.33     -1.31 
 1186  11.86     -2.35     -1.35 
 1187  11.87     -2.36     -1.47 
 1188  11.88     -2.37     -1.56 
 1189  11.89     -2.39     -1.55 
 1190  11.90     -2.41     -1.58 
 1191  11.91     -2.42     -1.51 
 1192  11.92     -2.44     -1.42 
 1193  11.93     -2.45     -1.41 
 1194  11.94     -2.46     -1.32 
 1195  11.95     -2.48     -1.19 
 1196  11.96     -2.49     -0.97 
 1197  11.97     -2.50     -1.00 
 1198  11.98     -2.51     -0.89 
 1199  11.99     -2.52     -0.90 
 1200  12.00     -2.53     -0.82 
 1201  12.01     -2.54     -0.70 
 1202  12.02     -2.54     -0.57 
 1203  12.03     -2.55     -0.62 
 1204  12.04     -2.55     -0.64 
 1205  12.05     -2.56     -0.62 
 1206  12.06     -2.57     -0.66 
 1207  12.07     -2.57     -0.68 
 1208  12.08     -2.58     -0.68 
 1209  12.09     -2.59     -0.64 
 1210  12.10     -2.59     -0.68 
 1211  12.11     -2.60     -0.70 
 1212  12.12     -2.61     -0.77 
 1213  12.13     -2.61     -0.68 
 1214  12.14     -2.62     -0.75 
 1215  12.15     -2.63     -0.70 
 1216  12.16     -2.64     -0.70 
 1217  12.17     -2.64     -0.70 
 1218  12.18     -2.65     -0.78 
 1219  12.19     -2.66     -0.77 
 1220  12.20     -2.67     -0.80 
 1221  12.21     -2.67     -0.78 
 1222  12.22     -2.68     -0.82 
 1223  12.23     -2.69     -0.91 
 1224  12.24     -2.70     -1.00 
 1225  12.25     -2.71     -1.03 
 1226  12.26     -2.72     -0.99 
 1227  12.27     -2.73     -0.89 
 1228  12.28     -2.74     -1.09 
 1229  12.29     -2.75     -1.14 
 1230  12.30     -2.76     -1.18 
 1231  12.31     -2.77     -1.27 
 1232  12.32     -2.78     -1.24 
 1233  12.33     -2.80     -1.19 
 1234  12.34     -2.81     -1.23 
 1235  12.35     -2.82     -1.27 
 1236  12.36     -2.83     -1.29 
 1237  12.37     -2.85     -1.27 
 1238  12.38     -2.86     -1.33 
 1239  12.39     -2.87     -1.35 
 1240  12.40     -2.89     -1.38 
 1241  12.41     -2.90     -1.18 
 1242  12.42     -2.91     -1.00 
 1243  12.43     -2.92     -0.97 
 1244  12.44     -2.93     -0.98 
 1245  12.45     -2.94     -0.90 
 1246  12.46     -2.95     -0.82 
 1247  12.47     -2.96     -0.78 
 1248  12.48     -2.97     -0.79 
 1249  12.49     -2.97     -0.87 
 1250  12.50     -2.98     -0.89 
 1251  12.51     -2.99     -0.91 
 1252  12.52     -3.00     -1.05 
 1253  12.53     -3.01     -1.10 
 1254  12.54     -3.02     -1.18 
 1255  12.55     -3.03     -1.10 
 1256  12.56     -3.05     -1.03 
 1257  12.57     -3.06     -1.10 
 1258  12.58     -3.07     -1.21 
 1259  12.59     -3.08     -1.15 
 1260  12.60     -3.09     -1.22 
 1261  12.61     -3.10     -1.20 
 1262  12.62     -3.11     -1.20 
 1263  12.63     -3.13     -1.35 
 1264  12.64     -3.14     -1.26 
 1265  12.65     -3.15     -1.30 
 1266  12.66     -3.17     -1.36 
 1267  12.67     -3.18     -1.27 
 1268  12.68     -3.19     -1.28 
 1269  12.69     -3.20     -1.33 
 1270  12.70     -3.22     -1.21 
 1271  12.71     -3.23     -1.36 
 1272  12.72     -3.24     -1.33 
 1273  12.73     -3.26     -1.41 
 1274  12.74     -3.27     -1.48 
 1275  12.75     -3.29     -1.43 
 1276  12.76     -3.30     -1.38 
 1277  12.77     -3.31     -1.39 
 1278  12.78     -3.33     -1.38 
 1279  12.79     -3.34     -1.37 
 1280  12.80     -3.36     -1.44 
 1281  12.81     -3.37     -1.29 
 1282  12.82     -3.38     -1.29 
 1283  12.83     -3.40     -1.30 
 1284  12.84     -3.41     -1.39 
 1285  12.85     -3.42     -1.40 
 1286  12.86     -3.44     -1.41 
 1287  12.87     -3.45     -1.45 
 1288  12.88     -3.46     -1.64 
 1289  12.89     -3.48     -1.60 
 1290  12.90     -3.50     -1.44 
 1291  12.91     -3.51     -1.38 
 1292  12.92     -3.53     -1.38 
 1293  12.93     -3.54     -1.37 
 1294  12.94     -3.55     -1.35 
 1295  12.95     -3.57     -1.34 
 1296  12.96     -3.58     -1.41 
 1297  12.97     -3.59     -1.33 
 1298  12.98     -3.61     -1.38 
 1299  12.99     -3.62     -1.50 
 1300  13.00     -3.64     -1.39 
 1301  13.01     -3.65     -1.29 
 1302  13.02     -3.66     -1.37 
 1303  13.03     -3.68     -1.29 
 1304  13.04     -3.69     -1.22 
 1305  13.05     -3.70     -1.27 
 1306  13.06     -3.71     -1.32 
 1307  13.07     -3.73     -1.37 
 1308  13.08     -3.74     -1.29 
 1309  13.09     -3.75     -1.23 
 1310  13.10     -3.77     -1.26 
 1311  13.11     -3.78     -1.23 
 1312  13.12     -3.79     -1.03 
 1313  13.13     -3.80     -1.06 
 1314  13.14     -3.81     -1.08 
 1315  13.15     -3.82     -1.11 
 1316  13.16     -3.83     -1.23 
 1317  13.17     -3.85     -1.22 
 1318  13.18     -3.86     -1.13 
 1319  13.19     -3.87     -1.06 
 1320  13.20     -3.88     -1.09 
 1321  13.21     -3.89     -1.04 
 1322  13.22     -3.90     -1.06 
 1323  13.23     -3.91     -1.07 
 1324  13.24     -3.92     -1.09 
 1325  13.25     -3.93     -1.10 
 1326  13.26     -3.95     -1.13 
 1327  13.27     -3.96     -1.09 
 1328  13.28     -3.97     -0.98 
 1329  13.29     -3.98     -1.09 
 1330  13.30     -3.99     -1.02 
 1331  13.31     -4.00     -1.07 
 1332  13.32     -4.01     -0.89 
 1333  13.33     -4.02     -0.86 
 1334  13.34     -4.03     -0.89 
 1335  13.35     -4.04     -0.91 
 1336  13.36     -4.04     -0.82 
 1337  13.37     -4.05     -0.71 
 1338  13.38     -4.06     -0.66 
 1339  13.39     -4.07     -0.60 
 1340  13.40     -4.07     -0.64 
 1341  13.41     -4.08     -0.60 
 1342  13.42     -4.08     -0.55 
 1343  13.43     -4.09     -0.57 
 1344  13.44     -4.10     -0.53 
 1345  13.45     -4.10     -0.53 
 1346  13.46     -4.11     -0.64 
 1347  13.47     -4.11     -0.54 
 1348  13.48     -4.12     -0.43 
 1349  13.49     -4.12     -0.30 
 1350  13.50     -4.13     -0.17 
 1351  13.51     -4.13     -0.24 
 1352  13.52     -4.13     -0.22 
 1353  13.53     -4.13     -0.17 
 1354  13.54     -4.13     -0.12 
 1355  13.55     -4.13     -0.21 
 1356  13.56     -4.14     -0.10 
 1357  13.57     -4.14     -0.12 
 1358  13.58     -4.14     -0.07 
 1359  13.59     -4.14     -0.04 
 1360  13.60     -4.14     -0.03 
 1361  13.61     -4.14     -0.07 
 1362  13.62     -4.14     -0.04 
 1363  13.63     -4.14     -0.05 
 1364  13.64     -4.14     -0.14 
 1365  13.65     -4.14     -0.05 
 1366  13.66     -4.14      0.10 
 1367  13.67     -4.14      0.15 
 1368  13.68     -4.14      0.19 
 1369  13.69     -4.14      0.22 
 1370  13.70     -4.14      0.14 
 1371  13.71     -4.14      0.11 
 1372  13.72     -4.13      0.05 
 1373  13.73     -4.13      0.08 
 1374  13.74     -4.13      0.00 
 1375  13.75     -4.13      0.05 
 1376  13.76     -4.13     -0.10 
 1377  13.77     -4.13     -0.13 
 1378  13.78     -4.14     -0.14 
 1379  13.79     -4.14     -0.17 
 1380  13.80     -4.14     -0.14 
 1381  13.81     -4.14     -0.25 
 1382  13.82     -4.14     -0.23 
 1383  13.83     -4.14     -0.32 
 1384  13.84     -4.15     -0.36 
 1385  13.85     -4.15     -0.42 
 1386  13.86     -4.16     -0.42 
 1387  13.87     -4.16     -0.41 
 1388  13.88     -4.16     -0.34 
 1389  13.89     -4.17     -0.34 
 1390  13.90     -4.17     -0.29 
 1391  13.91     -4.17     -0.31 
 1392  13.92     -4.18     -0.39 
 1393  13.93     -4.18     -0.42 
 1394  13.94     -4.18     -0.42 
 1395  13.95     -4.19     -0.41 
 1396  13.96     -4.19     -0.43 
 1397  13.97     -4.20     -0.44 
 1398  13.98     -4.20     -0.39 
 1399  13.99     -4.21     -0.38 
 1400  14.00     -4.21     -0.31 
 1401  14.01     -4.21     -0.35 
 1402  14.02     -4.22     -0.36 
 1403  14.03     -4.22     -0.32 
 1404  14.04     -4.22     -0.20 
 1405  14.05     -4.23     -0.28 
 1406  14.06     -4.23     -0.26 
 1407  14.07     -4.23     -0.17 
 1408  14.08     -4.23     -0.14 
 1409  14.09     -4.23     -0.05 
 1410  14.10     -4.23     -0.06 
 1411  14.11     -4.23     -0.01 
 1412  14.12     -4.23      0.06 
 1413  14.13     -4.23      0.13 
 1414  14.14     -4.23      0.21 
 1415  14.15     -4.23      0.33 
 1416  14.16     -4.23      0.30 
 1417  14.17     -4.22      0.20 
 1418  14.18     -4.22      0.17 
 1419  14.19     -4.22      0.12 
 1420  14.20     -4.22      0.21 
 1421  14.21     -4.22      0.27 
 1422  14.22     -4.21      0.29 
 1423  14.23     -4.21      0.40 
 1424  14.24     -4.21      0.50 
 1425  14.25     -4.20      0.50 
 1426  14.26     -4.20      0.48 
 1427  14.27     -4.19      0.51 
 1428  14.28     -4.19      0.47 
 1429  14.29     -4.18      0.42 
 1430  14.30     -4.18      0.28 
 1431  14.31     -4.18      0.29 
 1432  14.32     -4.17      0.29 
 1433  14.33     -4.17      0.46 
 1434  14.34     -4.17      0.55 
 1435  14.35     -4.16      0.59 
 1436  14.36     -4.15      0.56 
 1437  14.37     -4.15      0.52 
 1438  14.38     -4.14      0.48 
 1439  14.39     -4.14      0.54 
 1440  14.40     -4.13      0.51 
 1441  14.41     -4.13      0.30 
 1442  14.42     -4.13      0.37 
 1443  14.43     -4.12      0.54 
 1444  14.44     -4.12      0.54 
 1445  14.45     -4.11      0.61 
 1446  14.46     -4.10      0.69 
 1447  14.47     -4.10      0.68 
 1448  14.48     -4.09      0.58 
 1449  14.49     -4.09      0.46 
 1450  14.50     -4.08      0.55 
 1451  14.51     -4.08      0.58 
 1452  14.52     -4.07      0.67 
 1453  14.53     -4.06      0.68 
 1454  14.54     -4.06      0.75 
 1455  14.55     -4.05      0.77 
 1456  14.56     -4.04      0.82 
 1457  14.57     -4.03      0.83 
 1458  14.58     -4.02      0.77 
 1459  14.59     -4.02      0.73 
 1460  14.60     -4.01      0.59 
 1461  14.61     -4.00      0.59 
 1462  14.62     -4.00      0.57 
 1463  14.63     -3.99      0.56 
 1464  14.64     -3.99      0.52 
 1465  14.65     -3.98      0.53 
 1466  14.66     -3.98      0.55 
 1467  14.67     -3.97      0.58 
 1468  14.68     -3.96      0.71 
 1469  14.69     -3.96      0.62 
 1470  14.70     -3.95      0.66 
 1471  14.71     -3.94      0.74 
 1472  14.72     -3.94      0.83 
 1473  14.73     -3.93      0.88 
 1474  14.74     -3.92      0.88 
 1475  14.75     -3.91      0.95 
 1476  14.76     -3.90      0.99 
 1477  14.77     -3.89      0.97 
 1478  14.78     -3.88      0.83 
 1479  14.79     -3.87      0.86 
 1480  14.80     -3.86      0.97 
 1481  14.81     -3.86      0.90 
 1482  14.82     -3.85      1.02 
 1483  14.83     -3.84      0.92 
 1484  14.84     -3.83      0.83 
 1485  14.85     -3.82      0.92 
 1486  14.86     -3.81      0.82 
 1487  14.87     -3.80      0.84 
 1488  14.88     -3.79      0.79 
 1489  14.89     -3.78      0.71 
 1490  14.90     -3.78      0.62 
 1491  14.91     -3.77      0.53 
 1492  14.92     -3.77      0.48 
 1493  14.93     -3.76      0.47 
 1494  14.94     -3.76      0.42 
 1495  14.95     -3.75      0.40 
 1496  14.96     -3.75      0.42 
 1497  14.97     -3.74      0.38 
 1498  14.98     -3.74      0.49 
 1499  14.99     -3.74      0.53 
 1500  15.00     -3.73      0.57 
 1501  15.01     -3.72      0.62 
 1502  15.02     -3.72      0.62 
 1503  15.03     -3.71      0.63 
 1504  15.04     -3.71      0.69 
 1505  15.05     -3.70      0.78 
 1506  15.06     -3.69      0.85 
 1507  15.07     -3.68      0.85 
 1508  15.08     -3.67      0.80 
 1509  15.09     -3.67      0.74 
 1510  15.10     -3.66      0.73 
 1511  15.11     -3.65      0.86 
 1512  15.12     -3.64      0.84 
 1513  15.13     -3.63      0.93 
 1514  15.14     -3.63      1.10 
 1515  15.15     -3.61      1.21 
 1516  15.16     -3.60      1.17 
 1517  15.17     -3.59      1.20 
 1518  15.18     -3.58      1.30 
 1519  15.19     -3.57      1.33 
 1520  15.20     -3.55      1.24 
 1521  15.21     -3.54      1.21 
 1522  15.22     -3.53      1.20 
 1523  15.23     -3.52      1.16 
 1524  15.24     -3.50      1.24 
 1525  15.25     -3.49      1.15 
 1526  15.26     -3.48      1.05 
 1527  15.27     -3.47      1.16 
 1528  15.28     -3.46      1.22 
 1529  15.29     -3.45      1.25 
 1530  15.30     -3.43      1.20 
 1531  15.31     -3.42      1.16 
 1532  15.32     -3.41      1.17 
 1533  15.33     -3.40      1.09 
 1534  15.34     -3.39      1.16 
 1535  15.35     -3.38      1.28 
 1536  15.36     -3.36      1.19 
 1537  15.37     -3.35      1.02 
 1538  15.38     -3.34      0.90 
 1539  15.39     -3.33      0.86 
 1540  15.40     -3.32      0.97 
 1541  15.41     -3.31      0.93 
 1542  15.42     -3.30      0.92 
 1543  15.43     -3.29      0.97 
 1544  15.44     -3.29      0.92 
 1545  15.45     -3.28      1.03 
 1546  15.46     -3.27      1.03 
 1547  15.47     -3.26      1.02 
 1548  15.48     -3.25      0.96 
 1549  15.49     -3.24      0.92 
 1550  15.50     -3.23      0.88 
 1551  15.51     -3.22      0.78 
 1552  15.52     -3.21      0.90 
 1553  15.53     -3.20      0.85 
 1554  15.54     -3.19      0.78 
 1555  15.55     -3.18      0.70 
 1556  15.56     -3.18      0.70 
 1557  15.57     -3.17      0.68 
 1558  15.58     -3.16      0.74 
 1559  15.59     -3.16      0.75 
 1560  15.60     -3.15      0.61 
 1561  15.61     -3.14      0.67 
 1562  15.62     -3.14      0.76 
 1563  15.63     -3.13      0.74 
 1564  15.64     -3.12      0.63 
 1565  15.65     -3.11      0.55 
 1566  15.66     -3.11      0.63 
 1567  15.67     -3.10      0.62 
 1568  15.68     -3.10      0.53 
 1569  15.69     -3.09      0.55 
 1570  15.70     -3.09      0.45 
 1571  15.71     -3.08      0.46 
 1572  15.72     -3.08      0.42 
 1573  15.73     -3.07      0.43 
 1574  15.74     -3.07      0.30 
 1575  15.75     -3.07      0.28 
 1576  15.76     -3.06      0.21 
 1577  15.77     -3.06      0.34 
 1578  15.78     -3.06      0.21 
 1579  15.79     -3.05      0.32 
 1580  15.80     -3.05      0.31 
 1581  15.81     -3.05      0.17 
 1582  15.82     -3.05      0.10 
 1583  15.83     -3.05     -0.06 
 1584  15.84     -3.05     -0.04 
 1585  15.85     -3.05     -0.11 
 1586  15.86     -3.05     -0.09 
 1587  15.87     -3.05     -0.13 
 1588  15.88     -3.05     -0.14 
 1589  15.89     -3.05     -0.17 
 1590  15.90     -3.05     -0.15 
 1591  15.91     -3.05     -0.05 
 1592  15.92     -3.06      0.15 
 1593  15.93     -3.05      0.09 
 1594  15.94     -3.05     -0.02 
 1595  15.95     -3.05     -0.07 
 1596  15.96     -3.05      0.01 
 1597  15.97     -3.05     -0.09 
 1598  15.98     -3.05     -0.04 
 1599  15.99     -3.05     -0.15 
 1600  16.00     -3.06     -0.14 
 1601  16.01     -3.06     -0.14 
 1602  16.02     -3.06     -0.18 
 1603  16.03     -3.06     -0.11 
 1604  16.04     -3.06     -0.11 
 1605  16.05     -3.06      0.01 
 1606  16.06     -3.06     -0.14 
 1607  16.07     -3.06     -0.18 
 1608  16.08     -3.07     -0.18 
 1609  16.09     -3.07     -0.14 
 1610  16.10     -3.07     -0.13 
 1611  16.11     -3.07     -0.11 
 1612  16.12     -3.07     -0.19 
 1613  16.13     -3.07     -0.23 
 1614  16.14     -3.08     -0.34 
 1615  16.15     -3.08     -0.44 
 1616  16.16     -3.08     -0.29 
 1617  16.17     -3.09     -0.21 
 1618  16.18     -3.09     -0.25 
 1619  16.19     -3.09     -0.15 
 1620  16.20     -3.09     -0.16 
 1621  16.21     -3.09     -0.25 
 1622  16.22     -3.10     -0.16 
 1623  16.23     -3.10     -0.24 
 1624  16.24     -3.10     -0.17 
 1625  16.25     -3.10     -0.22 
 1626  16.26     -3.10     -0.22 
 1627  16.27     -3.11     -0.21 
 1628  16.28     -3.11     -0.18 
 1629  16.29     -3.11     -0.14 
 1630  16.30     -3.11     -0.01 
 1631  16.31     -3.11      0.01 
 1632  16.32     -3.11     -0.02 
 1633  16.33     -3.11     -0.17 
 1634  16.34     -3.11     -0.19 
 1635  16.35     -3.12     -0.26 
 1636  16.36     -3.12     -0.19 
 1637  16.37     -3.12     -0.22 
 1638  16.38     -3.12     -0.11 
 1639  16.39     -3.12     -0.10 
 1640  16.40     -3.12     -0.16 
 1641  16.41     -3.13     -0.06 
 1642  16.42     -3.13      0.04 
 1643  16.43     -3.13      0.01 
 1644  16.44     -3.13      0.06 
 1645  16.45     -3.13     -0.10 
 1646  16.46     -3.13     -0.01 
 1647  16.47     -3.13     -0.12 
 1648  16.48     -3.13     -0.03 
 1649  16.49     -3.13     -0.07 
 1650  16.50     -3.13      0.07 
 1651  16.51     -3.13      0.18 
 1652  16.52     -3.13      0.19 
 1653  16.53     -3.12      0.18 
 1654  16.54     -3.12     -0.08 
 1655  16.55     -3.12     -0.10 
 1656  16.56     -3.12     -0.10 
 1657  16.57     -3.13     -0.01 
 1658  16.58     -3.13      0.02 
 1659  16.59     -3.13     -0.02 
 1660  16.60     -3.13     -0.10 
 1661  16.61     -3.13     -0.10 
 1662  16.62     -3.13     -0.02 
 1663  16.63     -3.13     -0.03 
 1664  16.64     -3.13     -0.10 
 1665  16.65     -3.13     -0.08 
 1666  16.66     -3.13     -0.03 
 1667  16.67     -3.13     -0.04 
 1668  16.68     -3.13     -0.04 
 1669  16.69     -3.13     -0.11 
 1670  16.70     -3.13     -0.05 
 1671  16.71     -3.13     -0.05 
 1672  16.72     -3.13      0.06 
 1673  16.73     -3.13      0.06 
 1674  16.74     -3.13      0.09 
 1675  16.75     -3.13      0.14 
 1676  16.76     -3.13      0.11 
 1677  16.77     -3.13      0.21 
 1678  16.78     -3.13      0.24 
 1679  16.79     -3.12      0.24 
 1680  16.80     -3.12      0.26 
 1681  16.81     -3.12      0.26 
 1682  16.82     -3.12      0.36 
 1683  16.83     -3.11      0.43 
 1684  16.84     -3.11      0.43 
 1685  16.85     -3.10      0.37 
 1686  16.86     -3.10      0.42 
 1687  16.87     -3.10      0.36 
 1688  16.88     -3.09      0.34 
 1689  16.89     -3.09      0.43 
 1690  16.90     -3.09      0.35 
 1691  16.91     -3.08      0.41 
 1692  16.92     -3.08      0.37 
 1693  16.93     -3.07      0.24 
 1694  16.94     -3.07      0.21 
 1695  16.95     -3.07      0.22 
 1696  16.96     -3.07      0.18 
 1697  16.97     -3.07      0.23 
 1698  16.98     -3.06      0.40 
 1699  16.99     -3.06      0.51 
 1700  17.00     -3.05      0.42 
 1701  17.01     -3.05      0.40 
 1702  17.02     -3.05      0.37 
 1703  17.03     -3.04      0.27 
 1704  17.04     -3.04      0.20 
 1705  17.05     -3.04      0.25 
 1706  17.06     -3.03      0.30 
 1707  17.07     -3.03      0.31 
 1708  17.08     -3.03      0.33 
 1709  17.09     -3.03      0.33 
 1710  17.10     -3.02      0.38 
 1711  17.11     -3.02      0.46 
 1712  17.12     -3.01      0.36 
 1713  17.13     -3.01      0.53 
 1714  17.14     -3.00      0.48 
 1715  17.15     -3.00      0.46 
 1716  17.16     -3.00      0.41 
 1717  17.17     -2.99      0.43 
 1718  17.18     -2.99      0.42 
 1719  17.19     -2.98      0.48 
 1720  17.20     -2.98      0.54 
 1721  17.21     -2.97      0.48 
 1722  17.22     -2.97      0.62 
 1723  17.23     -2.96      0.67 
 1724  17.24     -2.95      0.79 
 1725  17.25     -2.95      0.90 
 1726  17.26     -2.94      0.90 
 1727  17.27     -2.93      0.86 
 1728  17.28     -2.92      0.86 
 1729  17.29     -2.91      0.80 
 1730  17.30     -2.90      0.93 
 1731  17.31     -2.89      0.83 
 1732  17.32     -2.89      0.67 
 1733  17.33     -2.88      0.63 
 1734  17.34     -2.87      0.74 
 1735  17.35     -2.87      0.80 
 1736  17.36     -2.86      0.82 
 1737  17.37     -2.85      0.77 
 1738  17.38     -2.84      0.84 
 1739  17.39     -2.83      0.87 
 1740  17.40     -2.82      0.84 
 1741  17.41     -2.82      1.00 
 1742  17.42     -2.81      1.02 
 1743  17.43     -2.80      1.07 
 1744  17.44     -2.79      1.06 
 1745  17.45     -2.78      1.15 
 1746  17.46     -2.76      1.13 
 1747  17.47     -2.75      1.23 
 1748  17.48     -2.74      1.22 
 1749  17.49     -2.73      1.35 
 1750  17.50     -2.71      1.23 
 1751  17.51     -2.70      1.31 
 1752  17.52     -2.69      1.29 
 1753  17.53     -2.68      1.28 
 1754  17.54     -2.66      1.37 
 1755  17.55     -2.65      1.37 
 1756  17.56     -2.64      1.29 
 1757  17.57     -2.62      1.38 
 1758  17.58     -2.61      1.32 
 1759  17.59     -2.60      1.47 
 1760  17.60     -2.58      1.56 
 1761  17.61     -2.57      1.54 
 1762  17.62     -2.55      1.65 
 1763  17.63     -2.53      1.50 
 1764  17.64     -2.52      1.42 
 1765  17.65     -2.50      1.51 
 1766  17.66     -2.49      1.45 
 1767  17.67     -2.47      1.39 
 1768  17.68     -2.46      1.24 
 1769  17.69     -2.45      1.09 
 1770  17.70     -2.44      1.06 
 1771  17.71     -2.43      1.05 
 1772  17.72     -2.42      1.03 
 1773  17.73     -2.41      1.09 
 1774  17.74     -2.40      1.12 
 1775  17.75     -2.38      1.14 
 1776  17.76     -2.37      1.12 
 1777  17.77     -2.36      1.27 
 1778  17.78     -2.35      1.33 
 1779  17.79     -2.34      1.38 
 1780  17.80     -2.32      1.31 
 1781  17.81     -2.31      1.28 
 1782  17.82     -2.30      1.23 
 1783  17.83     -2.28      1.26 
 1784  17.84     -2.27      1.23 
 1785  17.85     -2.26      1.13 
 1786  17.86     -2.25      1.03 
 1787  17.87     -2.24      1.03 
 1788  17.88     -2.23      1.06 
 1789  17.89     -2.22      1.04 
 1790  17.90     -2.21      1.13 
 1791  17.91     -2.19      1.11 
 1792  17.92     -2.18      0.96 
 1793  17.93     -2.17      0.96 
 1794  17.94     -2.16      0.91 
 1795  17.95     -2.16      0.99 
 1796  17.96     -2.15      1.00 
 1797  17.97     -2.14      1.01 
 1798  17.98     -2.13      1.15 
 1799  17.99     -2.11      1.16 
 1800  18.00     -2.10      1.17 
 1801  18.01     -2.09      1.16 
 1802  18.02     -2.08      1.10 
 1803  18.03     -2.07      1.20 
 1804  18.04     -2.06      1.30 
 1805  18.05     -2.04      1.27 
 1806  18.06     -2.03      1.16 
 1807  18.07     -2.02      1.12 
 1808  18.08     -2.01      1.17 
 1809  18.09     -2.00      1.01 
 1810  18.10     -1.99      1.05 
 1811  18.11     -1.97      0.98 
 1812  18.12     -1.97      0.92 
 1813  18.13     -1.96      1.01 
 1814  18.14     -1.95      1.13 
 1815  18.15     -1.93      1.19 
 1816  18.16     -1.92      1.23 
 1817  18.17     -1.91      1.21 
 1818  18.18     -1.90      1.08 
 1819  18.19     -1.89      1.05 
 1820  18.20     -1.88      0.98 
 1821  18.21     -1.87      1.03 
 1822  18.22     -1.86      1.07 
 1823  18.23     -1.85      1.02 
 1824  18.24     -1.84      1.13 
 1825  18.25     -1.82      1.27 
 1826  18.26     -1.81      1.26 
 1827  18.27     -1.80      1.20 
 1828  18.28     -1.79      1.13 
 1829  18.29     -1.78      1.06 
 1830  18.30     -1.77      1.01 
 1831  18.31     -1.76      0.97 
 1832  18.32     -1.75      1.01 
 1833  18.33     -1.74      0.89 
 1834  18.34     -1.73      0.95 
 1835  18.35     -1.72      1.01 
 1836  18.36     -1.71      0.98 
 1837  18.37     -1.70      0.92 
 1838  18.38     -1.69      0.92 
 1839  18.39     -1.68      0.95 
 1840  18.40     -1.67      0.98 
 1841  18.41     -1.66      0.93 
 1842  18.42     -1.65      0.97 
 1843  18.43     -1.64      0.93 
 1844  18.44     -1.63      0.94 
 1845  18.45     -1.62      1.04 
 1846  18.46     -1.61      0.99 
 1847  18.47     -1.60      1.15 
 1848  18.48     -1.59      1.17 
 1849  18.49     -1.58      1.31 
 1850  18.50     -1.57      1.19 
 1851  18.51     -1.55      1.24 
 1852  18.52     -1.54      1.41 
 1853  18.53     -1.53      1.50 
 1854  18.54     -1.51      1.55 
 1855  18.55     -1.50      1.60 
 1856  18.56     -1.48      1.59 
 1857  18.57     -1.46      1.76 
 1858  18.58     -1.45      1.81 
 1859  18.59     -1.43      1.75 
 1860  18.60     -1.41      1.69 
 1861  18.61     -1.39      1.72 
 1862  18.62     -1.38      1.62 
 1863  18.63     -1.36      1.59 
 1864  18.64     -1.34      1.79 
 1865  18.65     -1.33      1.70 
 1866  18.66     -1.31      1.73 
 1867  18.67     -1.29      1.71 
 1868  18.68     -1.28      1.75 
 1869  18.69     -1.26      1.79 
 1870  18.70     -1.24      1.78 
 1871  18.71     -1.22      1.73 
 1872  18.72     -1.20      1.77 
 1873  18.73     -1.19      1.82 
 1874  18.74     -1.17      1.86 
 1875  18.75     -1.15      1.97 
 1876  18.76     -1.13      1.97 
 1877  18.77     -1.11      2.01 
 1878  18.78     -1.09      1.91 
 1879  18.79     -1.07      1.99 
 1880  18.80     -1.05      1.88 
 1881  18.81     -1.03      1.82 
 1882  18.82     -1.01      1.84 
 1883  18.83     -1.00      1.79 
 1884  18.84     -0.98      1.70 
 1885  18.85     -0.96      1.72 
 1886  18.86     -0.94      1.80 
 1887  18.87     -0.93      1.77 
 1888  18.88     -0.91      1.81 
 1889  18.89     -0.89      1.78 
 1890  18.90     -0.87      1.74 
 1891  18.91     -0.86      1.83 
 1892  18.92     -0.84      1.72 
 1893  18.93     -0.82      1.77 
 1894  18.94     -0.80      1.78 
 1895  18.95     -0.78      1.87 
 1896  18.96     -0.77      1.92 
 1897  18.97     -0.75      1.89 
 1898  18.98     -0.73      1.89 
 1899  18.99     -0.71      1.93 
 1900  19.00     -0.69      2.05 
 1901  19.01     -0.67      1.88 
 1902  19.02     -0.65      1.95 
 1903  19.03     -0.63      1.93 
 1904  19.04     -0.61      2.01 
 1905  19.05     -0.59      2.01 
 1906  19.06     -0.57      1.85 
 1907  19.07     -0.55      1.77 
 1908  19.08     -0.54      1.76 
 1909  19.09     -0.52      1.74 
 1910  19.10     -0.50      1.64 
 1911  19.11     -0.48      1.56 
 1912  19.12     -0.47      1.41 
 1913  19.13     -0.45      1.55 
 1914  19.14     -0.44      1.56 
 1915  19.15     -0.42      1.53 
 1916  19.16     -0.41      1.48 
 1917  19.17     -0.39      1.46 
 1918  19.18     -0.38      1.47 
 1919  19.19     -0.36      1.44 
 1920  19.20     -0.35      1.50 
 1921  19.21     -0.33      1.46 
 1922  19.22     -0.32      1.55 
 1923  19.23     -0.30      1.53 
 1924  19.24     -0.29      1.63 
 1925  19.25     -0.27      1.64 
 1926  19.26     -0.26      1.61 
 1927  19.27     -0.24      1.79 
 1928  19.28     -0.22      1.82 
 1929  19.29     -0.20      1.92 
 1930  19.30     -0.18      1.87 
 1931  19.31     -0.17      1.91 
 1932  19.32     -0.15      1.78 
 1933  19.33     -0.13      1.76 
 1934  19.34     -0.11      1.60 
 1935  19.35     -0.10      1.60 
 1936  19.36     -0.08      1.63 
 1937  19.37     -0.06      1.59 
 1938  19.38     -0.05      1.61 
 1939  19.39     -0.03      1.63 
 1940  19.40     -0.01      1.63 
 1941  19.41      0.00      1.55 
 1942  19.42      0.02      1.45 
 1943  19.43      0.03      1.27 
 1944  19.44      0.04      1.19 
 1945  19.45      0.06      1.12 
 1946  19.46      0.07      1.03 
 1947  19.47      0.08      0.96 
 1948  19.48      0.09      1.01 
 1949  19.49      0.10      1.02 
 1950  19.50      0.11      1.17 
 1951  19.51      0.12      1.18 
 1952  19.52      0.13      1.26 
 1953  19.53      0.14      1.18 
 1954  19.54      0.16      1.11 
 1955  19.55      0.17      0.96 
 1956  19.56      0.18      0.84 
 1957  19.57      0.18      0.79 
 1958  19.58      0.19      0.77 
 1959  19.59      0.20      0.87 
 1960  19.60      0.21      0.88 
 1961  19.61      0.22      0.75 
 1962  19.62      0.23      0.79 
 1963  19.63      0.23      0.76 
 1964  19.64      0.24      0.65 
 1965  19.65      0.25      0.52 
 1966  19.66      0.25      0.66 
 1967  19.67      0.26      0.64 
 1968  19.68      0.27      0.66 
 1969  19.69      0.27      0.67 
 1970  19.70      0.28      0.62 
 1971  19.71      0.28      0.67 
 1972  19.72      0.29      0.62 
 1973  19.73      0.30      0.61 
 1974  19.74      0.30      0.54 
 1975  19.75      0.31      0.58 
 1976  19.76      0.31      0.53 
 1977  19.77      0.32      0.62 
 1978  19.78      0.33      0.61 
 1979  19.79      0.33      0.54 
 1980  19.80      0.34      0.53 
 1981  19.81      0.34      0.50 
 1982  19.82      0.35      0.49 
 1983  19.83      0.35      0.44 
 1984  19.84      0.36      0.45 
 1985  19.85      0.36      0.50 
 1986  19.86      0.37      0.46 
 1987  19.87      0.37      0.45 
 1988  19.88      0.38      0.39 
 1989  19.89      0.38      0.38 
 1990  19.90      0.38      0.39 
 1991  19.91      0.39      0.24 
 1992  19.92      0.39      0.20 
 1993  19.93      0.39      0.33 
 1994  19.94      0.40      0.42 
 1995  19.95      0.40      0.30 
 1996  19.96      0.40      0.28 
 1997  19.97      0.41      0.34 
 1998  19.98      0.41      0.37 
 1999  19.99      0.41      0.44 
 2000  20.00      0.42      0.33 
 2001  20.01      0.42      0.16 
 2002  20.02      0.42      0.19 
 2003  20.03      0.42      0.25 
 2004  20.04      0.43      0.34 
 2005  20.05      0.43      0.42 
 2006  20.06      0.43      0.37 
 2007  20.07      0.44      0.34 
 2008  20.08      0.44      0.48 
 2009  20.09      0.45      0.50 
 2010  20.10      0.45      0.46 
 2011  20.11      0.46      0.40 
 2012  20.12      0.46      0.51 
 2013  20.13      0.46      0.52 
 2014  20.14      0.47      0.47 
 2015  20.15      0.47      0.54 
 2016  20.16      0.48      0.64 
 2017  20.17      0.49      0.75 
 2018  20.18      0.49      0.63 
 2019  20.19      0.50      0.56 
 2020  20.20      0.51      0.65 
 2021  20.21      0.51      0.64 
 2022  20.22      0.52      0.65 
 2023  20.23      0.52      0.61 
 2024  20.24      0.53      0.55 
 2025  20.25      0.54      0.56 
 2026  20.26      0.54      0.59 
 2027  20.27      0.55      0.67 
 2028  20.28      0.55      0.69 
 2029  20.29      0.56      0.68 
 2030  20.30      0.57      0.65 
 2031  20.31      0.57      0.58 
 2032  20.32      0.58      0.49 
 2033  20.33      0.59      0.50 
 2034  20.34      0.59      0.50 
 2035  20.35      0.60      0.51 
 2036  20.36      0.60      0.43 
 2037  20.37      0.60      0.36 
 2038  20.38      0.61      0.34 
 2039  20.39      0.61      0.29 
 2040  20.40      0.61      0.35 
 2041  20.41      0.62      0.49 
 2042  20.42      0.62      0.64 
 2043  20.43      0.63      0.68 
 2044  20.44      0.64      0.57 
 2045  20.45      0.64      0.57 
 2046  20.46      0.65      0.47 
 2047  20.47      0.65      0.46 
 2048  20.48      0.66      0.39 
 2049  20.49      0.66      0.51 
 2050  20.50      0.67      0.60 
 2051  20.51      0.67      0.50 
 2052  20.52      0.68      0.60 
 2053  20.53      0.68      0.59 
 2054  20.54      0.69      0.65 
 2055  20.55      0.70      0.59 
 2056  20.56      0.70      0.61 
 2057  20.57      0.71      0.70 
 2058  20.58      0.71      0.74 
 2059  20.59      0.72      0.72 
 2060  20.60      0.73      0.75 
 2061  20.61      0.74      0.61 
 2062  20.62      0.74      0.61 
 2063  20.63      0.75      0.60 
 2064  20.64      0.75      0.64 
 2065  20.65      0.76      0.68 
 2066  20.66      0.77      0.74 
 2067  20.67      0.78      0.76 
 2068  20.68      0.78      0.74 
 2069  20.69      0.79      0.75 
 2070  20.70      0.80      0.78 
 2071  20.71      0.81      0.90 
 2072  20.72      0.81      0.94 
 2073  20.73      0.82      0.97 
 2074  20.74      0.83      1.15 
 2075  20.75      0.85      1.21 
 2076  20.76      0.86      1.10 
 2077  20.77      0.87      1.08 
 2078  20.78      0.88      1.05 
 2079  20.79      0.89      1.02 
 2080  20.80      0.90      1.02 
 2081  20.81      0.91      0.98 
 2082  20.82      0.92      1.03 
 2083  20.83      0.93      0.99 
 2084  20.84      0.94      1.04 
 2085  20.85      0.95      1.11 
 2086  20.86      0.96      1.09 
 2087  20.87      0.97      1.29 
 2088  20.88      0.99      1.19 
 2089  20.89      1.00      1.22 
 2090  20.90      1.01      1.33 
 2091  20.91      1.02      1.33 
 2092  20.92      1.04      1.24 
 2093  20.93      1.05      1.08 
 2094  20.94      1.06      1.01 
 2095  20.95      1.07      1.17 
 2096  20.96      1.08      1.18 
 2097  20.97      1.09      1.13 
 2098  20.98      1.10      1.12 
 2099  20.99      1.12      1.13 
 2100  21.00      1.13      1.22 
 2101  21.01      1.14      1.19 
 2102  21.02      1.15      1.22 
 2103  21.03      1.16      1.32 
 2104  21.04      1.18      1.29 
 2105  21.05      1.19      1.45 
 2106  21.06      1.20      1.49 
 2107  21.07      1.22      1.57 
 2108  21.08      1.23      1.49 
 2109  21.09      1.25      1.46 
 2110  21.10      1.26      1.48 
 2111  21.11      1.28      1.51 
 2112  21.12      1.29      1.63 
 2113  21.13      1.31      1.56 
 2114  21.14      1.33      1.57 
 2115  21.15      1.34      1.45 
 2116  21.16      1.36      1.31 
 2117  21.17      1.37      1.24 
 2118  21.18      1.38      1.18 
 2119  21.19      1.39      1.24 
 2120  21.20      1.41      1.21 
 2121  21.21      1.42      1.39 
 2122  21.22      1.43      1.25 
 2123  21.23      1.44      1.18 
 2124  21.24      1.46      1.11 
 2125  21.25      1.47      1.19 
 2126  21.26      1.48      1.18 
 2127  21.27      1.49      1.31 
 2128  21.28      1.50      1.17 
 2129  21.29      1.52      1.17 
 2130  21.30      1.53      1.08 
 2131  21.31      1.54      1.10 
 2132  21.32      1.55      1.05 
 2133  21.33      1.56      1.03 
 2134  21.34      1.57      1.13 
 2135  21.35      1.58      1.26 
 2136  21.36      1.59      1.27 
 2137  21.37      1.61      1.29 
 2138  21.38      1.62      1.21 
 2139  21.39      1.63      1.31 
 2140  21.40      1.64      1.32 
 2141  21.41      1.66      1.22 
 2142  21.42      1.67      1.26 
 2143  21.43      1.68      1.23 
 2144  21.44      1.69      1.06 
 2145  21.45      1.71      1.16 
 2146  21.46      1.72      1.08 
 2147  21.47      1.73      1.14 
 2148  21.48      1.74      1.13 
 2149  21.49      1.75      1.00 
 2150  21.50      1.76      0.92 
 2151  21.51      1.77      0.92 
 2152  21.52      1.78      0.95 
 2153  21.53      1.79      0.92 
 2154  21.54      1.80      0.85 
 2155  21.55      1.81      0.70 
 2156  21.56      1.81      0.63 
 2157  21.57      1.82      0.72 
 2158  21.58      1.83      0.55 
 2159  21.59      1.83      0.39 
 2160  21.60      1.84      0.46 
 2161  21.61      1.84      0.59 
 2162  21.62      1.85      0.54 
 2163  21.63      1.85      0.59 
 2164  21.64      1.86      0.63 
 2165  21.65      1.86      0.57 
 2166  21.66      1.87      0.57 
 2167  21.67      1.88      0.56 
 2168  21.68      1.88      0.51 
 2169  21.69      1.89      0.50 
 2170  21.70      1.89      0.42 
 2171  21.71      1.90      0.38 
 2172  21.72      1.90      0.51 
 2173  21.73      1.90      0.54 
 2174  21.74      1.91      0.48 
 2175  21.75      1.91      0.45 
 2176  21.76      1.92      0.47 
 2177  21.77      1.92      0.42 
 2178  21.78      1.93      0.35 
 2179  21.79      1.93      0.35 
 2180  21.80      1.93      0.35 
 2181  21.81      1.94      0.34 
 2182  21.82      1.94      0.37 
 2183  21.83      1.95      0.20 
 2184  21.84      1.95      0.17 
 2185  21.85      1.95      0.13 
 2186  21.86      1.95      0.15 
 2187  21.87      1.95      0.13 
 2188  21.88      1.95      0.07 
 2189  21.89      1.95      0.07 
 2190  21.90      1.95      0.18 
 2191  21.91      1.96      0.23 
 2192  21.92      1.96      0.29 
 2193  21.93      1.96      0.32 
 2194  21.94      1.96      0.47 
 2195  21.95      1.97      0.54 
 2196  21.96      1.97      0.44 
 2197  21.97      1.98      0.38 
 2198  21.98      1.98      0.34 
 2199  21.99      1.99      0.30 
 2200  22.00      1.99      0.23 
 2201  22.01      1.99      0.29 
 2202  22.02      1.99      0.19 
 2203  22.03      2.00      0.07 
 2204  22.04      2.00      0.05 
 2205  22.05      2.00      0.10 
 2206  22.06      2.00      0.15 
 2207  22.07      2.00      0.17 
 2208  22.08      2.00      0.12 
 2209  22.09      2.00      0.00 
 2210  22.10      2.00     -0.12 
 2211  22.11      2.00     -0.19 
 2212  22.12      2.00     -0.19 
 2213  22.13      2.00     -0.12 
 2214  22.14      2.00     -0.30 
 2215  22.15      1.99     -0.29 
 2216  22.16      1.99     -0.37 
 2217  22.17      1.99     -0.36 
 2218  22.18      1.98     -0.48 
 2219  22.19      1.98     -0.51 
 2220  22.20      1.97     -0.49 
 2221  22.21      1.97     -0.42 
 2222  22.22      1.96     -0.35 
 2223  22.23      1.96     -0.41 
 2224  22.24      1.96     -0.45 
 2225  22.25      1.95     -0.54 
 2226  22.26      1.95     -0.63 
 2227  22.27      1.94     -0.69 
 2228  22.28      1.93     -0.72 
 2229  22.29      1.93     -0.90 
 2230  22.30      1.92     -0.83 
 2231  22.31      1.91     -0.76 
 2232  22.32      1.90     -0.60 
 2233  22.33      1.90     -0.52 
 2234  22.34      1.89     -0.59 
 2235  22.35      1.88     -0.61 
 2236  22.36      1.88     -0.74 
 2237  22.37      1.87     -0.62 
 2238  22.38      1.86     -0.66 
 2239  22.39      1.86     -0.67 
 2240  22.40      1.85     -0.69 
 2241  22.41      1.84     -0.56 
 2242  22.42      1.84     -0.66 
 2243  22.43      1.83     -0.57 
 2244  22.44      1.83     -0.60 
 2245  22.45      1.82     -0.46 
 2246  22.46      1.82     -0.33 
 2247  22.47      1.81     -0.32 
 2248  22.48      1.81     -0.43 
 2249  22.49      1.81     -0.45 
 2250  22.50      1.80     -0.39 
 2251  22.51      1.80     -0.46 
 2252  22.52      1.79     -0.47 
 2253  22.53      1.79     -0.47 
 2254  22.54      1.78     -0.46 
 2255  22.55      1.78     -0.62 
 2256  22.56      1.77     -0.51 
 2257  22.57      1.77     -0.48 
 2258  22.58      1.76     -0.54 
 2259  22.59      1.76     -0.56 
 2260  22.60      1.75     -0.50 
 2261  22.61      1.75     -0.58 
 2262  22.62      1.74     -0.51 
 2263  22.63      1.74     -0.52 
 2264  22.64      1.73     -0.59 
 2265  22.65      1.72     -0.61 
 2266  22.66      1.72     -0.51 
 2267  22.67      1.71     -0.51 
 2268  22.68      1.71     -0.60 
 2269  22.69      1.70     -0.65 
 2270  22.70      1.70     -0.50 
 2271  22.71      1.69     -0.49 
 2272  22.72      1.69     -0.49 
 2273  22.73      1.68     -0.48 
 2274  22.74      1.68     -0.61 
 2275  22.75      1.67     -0.66 
 2276  22.76      1.66     -0.81 
 2277  22.77      1.65     -0.83 
 2278  22.78      1.65     -0.87 
 2279  22.79      1.64     -0.86 
 2280  22.80      1.63     -0.82 
 2281  22.81      1.62     -0.87 
 2282  22.82      1.61     -0.75 
 2283  22.83      1.61     -0.90 
 2284  22.84      1.60     -0.81 
 2285  22.85      1.59     -0.74 
 2286  22.86      1.58     -0.71 
 2287  22.87      1.57     -0.65 
 2288  22.88      1.57     -0.61 
 2289  22.89      1.56     -0.57 
 2290  22.90      1.56     -0.51 
 2291  22.91      1.55     -0.47 
 2292  22.92      1.55     -0.43 
 2293  22.93      1.54     -0.42 
 2294  22.94      1.54     -0.47 
 2295  22.95      1.53     -0.48 
 2296  22.96      1.53     -0.36 
 2297  22.97      1.52     -0.48 
 2298  22.98      1.52     -0.41 
 2299  22.99      1.51     -0.50 
 2300  23.00      1.51     -0.52 
 2301  23.01      1.50     -0.57 
 2302  23.02      1.50     -0.59 
 2303  23.03      1.49     -0.56 
 2304  23.04      1.49     -0.55 
 2305  23.05      1.48     -0.52 
 2306  23.06      1.48     -0.56 
 2307  23.07      1.47     -0.68 
 2308  23.08      1.46     -0.73 
 2309  23.09      1.46     -0.55 
 2310  23.10      1.45     -0.63 
 2311  23.11      1.45     -0.66 
 2312  23.12      1.44     -0.63 
 2313  23.13      1.43     -0.65 
 2314  23.14      1.43     -0.56 
 2315  23.15      1.42     -0.52 
 2316  23.16      1.42     -0.58 
 2317  23.17      1.41     -0.57 
 2318  23.18      1.40     -0.44 
 2319  23.19      1.40     -0.38 
 2320  23.20      1.40     -0.28 
 2321  23.21      1.39     -0.24 
 2322  23.22      1.39     -0.32 
 2323  23.23      1.39     -0.36 
 2324  23.24      1.38     -0.46 
 2325  23.25      1.38     -0.59 
 2326  23.26      1.37     -0.60 
 2327  23.27      1.37     -0.60 
 2328  23.28      1.36     -0.58 
 2329  23.29      1.36     -0.58 
 2330  23.30      1.35     -0.49 
 2331  23.31      1.34     -0.43 
 2332  23.32      1.34     -0.47 
 2333  23.33      1.34     -0.49 
 2334  23.34      1.33     -0.54 
 2335  23.35      1.33     -0.51 
 2336  23.36      1.32     -0.46 
 2337  23.37      1.32     -0.41 
 2338  23.38      1.31     -0.34 
 2339  23.39      1.31     -0.35 
 2340  23.40      1.30     -0.31 
 2341  23.41      1.30     -0.37 
 2342  23.42      1.30     -0.34 
 2343  23.43      1.29     -0.30 
 2344  23.44      1.29     -0.32 
 2345  23.45      1.29     -0.41 
 2346  23.46      1.28     -0.47 
 2347  23.47      1.28     -0.61 
 2348  23.48      1.27     -0.66 
 2349  23.49      1.27     -0.71 
 2350  23.50      1.26     -0.74 
 2351  23.51      1.25     -0.71 
 2352  23.52      1.25     -0.65 
 2353  23.53      1.24     -0.72 
 2354  23.54      1.23     -0.77 
 2355  23.55      1.22     -0.78 
 2356  23.56      1.22     -0.75 
 2357  23.57      1.21     -0.78 
 2358  23.58      1.20     -0.76 
 2359  23.59      1.19     -0.71 
 2360  23.60      1.19     -0.74 
 2361  23.61      1.18     -0.67 
 2362  23.62      1.17     -0.66 
 2363  23.63      1.17     -0.67 
 2364  23.64      1.16     -0.67 
 2365  23.65      1.15     -0.80 
 2366  23.66      1.14     -0.84 
 2367  23.67      1.14     -0.93 
 2368  23.68      1.13     -0.99 
 2369  23.69      1.12     -1.00 
 2370  23.70      1.11     -1.10 
 2371  23.71      1.10     -1.02 
 2372  23.72      1.08     -0.93 
 2373  23.73      1.08     -0.86 
 2374  23.74      1.07     -0.93 
 2375  23.75      1.06     -0.87 
 2376  23.76      1.05     -1.12 
 2377  23.77      1.04     -1.16 
 2378  23.78      1.03     -1.10 
 2379  23.79      1.02     -1.20 
 2380  23.80      1.00     -1.26 
 2381  23.81      0.99     -1.16 
 2382  23.82      0.98     -1.11 
 2383  23.83      0.97     -0.98 
 2384  23.84      0.96     -1.00 
 2385  23.85      0.95     -1.04 
 2386  23.86      0.94     -1.02 
 2387  23.87      0.93     -0.94 
 2388  23.88      0.92     -0.86 
 2389  23.89      0.91     -0.90 
 2390  23.90      0.90     -0.98 
 2391  23.91      0.89     -1.05 
 2392  23.92      0.88     -1.16 
 2393  23.93      0.87     -1.26 
 2394  23.94      0.86     -1.23 
 2395  23.95      0.84     -1.23 
 2396  23.96      0.83     -1.28 
 2397  23.97      0.82     -1.26 
 2398  23.98      0.81     -1.20 
 2399  23.99      0.79     -1.22 
 2400  24.00      0.78     -1.19 
 2401  24.01      0.77     -1.13 
 2402  24.02      0.76     -1.21 
 2403  24.03      0.75     -1.19 
 2404  24.04      0.73     -1.19 
 2405  24.05      0.72     -1.14 
 2406  24.06      0.71     -1.04 
 2407  24.07      0.70     -1.06 
 2408  24.08      0.69     -1.15 
 2409  24.09      0.68     -1.19 
 2410  24.10      0.67     -1.20 
 2411  24.11      0.66     -1.18 
 2412  24.12      0.64     -1.12 
 2413  24.13      0.63     -1.21 
 2414  24.14      0.62     -0.99 
 2415  24.15      0.61     -1.15 
 2416  24.16      0.60     -1.14 
 2417  24.17      0.59     -1.08 
 2418  24.18      0.58     -1.01 
 2419  24.19      0.57     -0.90 
 2420  24.20      0.56     -0.92 
 2421  24.21      0.55     -0.88 
 2422  24.22      0.54     -0.93 
 2423  24.23      0.53     -0.94 
 2424  24.24      0.52     -0.91 
 2425  24.25      0.51     -0.89 
 2426  24.26      0.50     -0.95 
 2427  24.27      0.49     -0.97 
 2428  24.28      0.48     -0.89 
 2429  24.29      0.47     -0.97 
 2430  24.30      0.46     -0.95 
 2431  24.31      0.46     -0.80 
 2432  24.32      0.45     -0.75 
 2433  24.33      0.44     -0.74 
 2434  24.34      0.43     -0.83 
 2435  24.35      0.42     -0.80 
 2436  24.36      0.42     -0.67 
 2437  24.37      0.41     -0.65 
 2438  24.38      0.40     -0.58 
 2439  24.39      0.40     -0.67 
 2440  24.40      0.39     -0.66 
 2441  24.41      0.38     -0.68 
 2442  24.42      0.38     -0.68 
 2443  24.43      0.37     -0.74 
 2444  24.44      0.36     -0.72 
 2445  24.45      0.36     -0.80 
 2446  24.46      0.35     -0.82 
 2447  24.47      0.34     -0.77 
 2448  24.48      0.33     -0.71 
 2449  24.49      0.32     -0.66 
 2450  24.50      0.32     -0.65 
 2451  24.51      0.31     -0.67 
 2452  24.52      0.31     -0.83 
 2453  24.53      0.30     -0.87 
 2454  24.54      0.29     -0.83 
 2455  24.55      0.28     -0.84 
 2456  24.56      0.27     -0.77 
 2457  24.57      0.26     -0.73 
 2458  24.58      0.26     -0.71 
 2459  24.59      0.25     -0.69 
 2460  24.60      0.24     -0.71 
 2461  24.61      0.24     -0.76 
 2462  24.62      0.23     -0.74 
 2463  24.63      0.22     -0.73 
 2464  24.64      0.21     -0.68 
 2465  24.65      0.21     -0.60 
 2466  24.66      0.20     -0.50 
 2467  24.67      0.20     -0.60 
 2468  24.68      0.19     -0.57 
 2469  24.69      0.18     -0.66 
 2470  24.70      0.18     -0.56 
 2471  24.71      0.17     -0.49 
 2472  24.72      0.17     -0.45 
 2473  24.73      0.16     -0.50 
 2474  24.74      0.16     -0.52 
 2475  24.75      0.15     -0.49 
 2476  24.76      0.15     -0.45 
 2477  24.77      0.14     -0.29 
 2478  24.78      0.14     -0.15 
 2479  24.79      0.14     -0.15 
 2480  24.80      0.14     -0.01 
 2481  24.81      0.14     -0.05 
 2482  24.82      0.14     -0.15 
 2483  24.83      0.13     -0.14 
 2484  24.84      0.13     -0.10 
 2485  24.85      0.13     -0.04 
 2486  24.86      0.13     -0.04 
 2487  24.87      0.13     -0.10 
 2488  24.88      0.13     -0.10 
 2489  24.89      0.13     -0.10 
 2490  24.90      0.13     -0.23 
 2491  24.91      0.13     -0.33 
 2492  24.92      0.12     -0.35 
 2493  24.93      0.12     -0.40 
 2494  24.94      0.12     -0.41 
 2495  24.95      0.11     -0.41 
 2496  24.96      0.11     -0.42 
 2497  24.97      0.10     -0.51 
 2498  24.98      0.10     -0.69 
 2499  24.99      0.09     -0.68 
 2500  25.00      0.08     -0.63 
 2501  25.01      0.08     -0.73 
 2502  25.02      0.07     -0.81 
 2503  25.03      0.06     -0.91 
 2504  25.04      0.05     -1.03 
 2505  25.05      0.04     -0.93 
 2506  25.06      0.03     -0.93 
 2507  25.07      0.02     -1.03 
 2508  25.08      0.01     -0.97 
 2509  25.09      0.00     -1.03 
 2510  25.10     -0.01     -1.13 
 2511  25.11     -0.02     -1.04 
 2512  25.12     -0.03     -1.12 
 2513  25.13     -0.04     -0.94 
 2514  25.14     -0.05     -0.95 
 2515  25.15     -0.06     -0.91 
 2516  25.16     -0.07     -0.80 
 2517  25.17     -0.07     -0.80 
 2518  25.18     -0.08     -0.74 
 2519  25.19     -0.09     -0.67 
 2520  25.20     -0.10     -0.59 
 2521  25.21     -0.10     -0.69 
 2522  25.22     -0.11     -0.69 
 2523  25.23     -0.12     -0.62 
 2524  25.24     -0.12     -0.70 
 2525  25.25     -0.13     -0.69 
 2526  25.26     -0.14     -0.60 
 2527  25.27     -0.14     -0.62 
 2528  25.28     -0.15     -0.60 
 2529  25.29     -0.16     -0.57 
 2530  25.30     -0.16     -0.71 
 2531  25.31     -0.17     -0.81 
 2532  25.32     -0.18     -0.82 
 2533  25.33     -0.18     -0.82 
 2534  25.34     -0.19     -0.91 
 2535  25.35     -0.20     -0.87 
 2536  25.36     -0.21     -0.82 
 2537  25.37     -0.22     -0.83 
 2538  25.38     -0.23     -0.81 
 2539  25.39     -0.23     -0.85 
 2540  25.40     -0.24     -0.93 
 2541  25.41     -0.25     -0.97 
 2542  25.42     -0.26     -0.95 
 2543  25.43     -0.27     -1.00 
 2544  25.44     -0.28     -1.05 
 2545  25.45     -0.29     -0.95 
 2546  25.46     -0.30     -0.97 
 2547  25.47     -0.31     -1.18 
 2548  25.48     -0.32     -1.19 
 2549  25.49     -0.34     -1.18 
 2550  25.50     -0.35     -1.29 
 2551  25.51     -0.36     -1.33 
 2552  25.52     -0.37     -1.41 
 2553  25.53     -0.39     -1.45 
 2554  25.54     -0.40     -1.38 
 2555  25.55     -0.42     -1.55 
 2556  25.56     -0.43     -1.63 
 2557  25.57     -0.45     -1.76 
 2558  25.58     -0.47     -1.67 
 2559  25.59     -0.48     -1.63 
 2560  25.60     -0.50     -1.66 
 2561  25.61     -0.51     -1.50 
 2562  25.62     -0.53     -1.47 
 2563  25.63     -0.54     -1.58 
 2564  25.64     -0.56     -1.63 
 2565  25.65     -0.58     -1.63 
 2566  25.66     -0.59     -1.67 
 2567  25.67     -0.61     -1.67 
 2568  25.68     -0.63     -1.79 
 2569  25.69     -0.64     -1.80 
 2570  25.70     -0.66     -1.85 
 2571  25.71     -0.68     -1.83 
 2572  25.72     -0.70     -1.81 
 2573  25.73     -0.72     -1.84 
 2574  25.74     -0.74     -1.77 
 2575  25.75     -0.75     -1.74 
 2576  25.76     -0.77     -1.68 
 2577  25.77     -0.79     -1.67 
 2578  25.78     -0.80     -1.54 
 2579  25.79     -0.82     -1.41 
 2580  25.80     -0.83     -1.43 
 2581  25.81     -0.85     -1.33 
 2582  25.82     -0.86     -1.44 
 2583  25.83     -0.88     -1.38 
 2584  25.84     -0.89     -1.39 
 2585  25.85     -0.90     -1.44 
 2586  25.86     -0.92     -1.43 
 2587  25.87     -0.93     -1.33 
 2588  25.88     -0.95     -1.28 
 2589  25.89     -0.96     -1.33 
 2590  25.90     -0.97     -1.47 
 2591  25.91     -0.99     -1.50 
 2592  25.92     -1.00     -1.47 
 2593  25.93     -1.02     -1.53 
 2594  25.94     -1.03     -1.65 
 2595  25.95     -1.05     -1.75 
 2596  25.96     -1.07     -1.75 
 2597  25.97     -1.08     -1.70 
 2598  25.98     -1.10     -1.64 
 2599  25.99     -1.12     -1.56 
 2600  26.00     -1.13     -1.56 
 2601  26.01     -1.15     -1.58 
 2602  26.02     -1.16     -1.50 
 2603  26.03     -1.18     -1.61 
 2604  26.04     -1.19     -1.64 
 2605  26.05     -1.21     -1.57 
 2606  26.06     -1.23     -1.50 
 2607  26.07     -1.24     -1.45 
 2608  26.08     -1.26     -1.54 
 2609  26.09     -1.27     -1.52 
 2610  26.10     -1.29     -1.59 
 2611  26.11     -1.30     -1.55 
 2612  26.12     -1.32     -1.45 
 2613  26.13     -1.33     -1.42 
 2614  26.14     -1.35     -1.39 
 2615  26.15     -1.36     -1.34 
 2616  26.16     -1.37     -1.29 
 2617  26.17     -1.39     -1.31 
 2618  26.18     -1.40     -1.33 
 2619  26.19     -1.41     -1.30 
 2620  26.20     -1.43     -1.36 
 2621  26.21     -1.44     -1.37 
 2622  26.22     -1.45     -1.46 
 2623  26.23     -1.47     -1.48 
 2624  26.24     -1.48     -1.33 
 2625  26.25     -1.50     -1.41 
 2626  26.26     -1.51     -1.42 
 2627  26.27     -1.52     -1.36 
 2628  26.28     -1.54     -1.31 
 2629  26.29     -1.55     -1.41 
 2630  26.30     -1.57     -1.39 
 2631  26.31     -1.58     -1.32 
 2632  26.32     -1.59     -1.34 
 2633  26.33     -1.61     -1.35 
 2634  26.34     -1.62     -1.25 
 2635  26.35     -1.63     -1.29 
 2636  26.36     -1.64     -1.30 
 2637  26.37     -1.66     -1.39 
 2638  26.38     -1.67     -1.32 
 2639  26.39     -1.68     -1.27 
 2640  26.40     -1.70     -1.31 
 2641  26.41     -1.71     -1.43 
 2642  26.42     -1.73     -1.41 
 2643  26.43     -1.74     -1.52 
 2644  26.44     -1.75     -1.55 
 2645  26.45     -1.77     -1.52 
 2646  26.46     -1.78     -1.59 
 2647  26.47     -1.80     -1.71 
 2648  26.48     -1.82     -1.68 
 2649  26.49     -1.83     -1.72 
 2650  26.50     -1.85     -1.74 
 2651  26.51     -1.87     -1.97 
 2652  26.52     -1.89     -1.90 
 2653  26.53     -1.91     -1.75 
 2654  26.54     -1.93     -1.66 
 2655  26.55     -1.94     -1.61 
 2656  26.56     -1.96     -1.55 
 2657  26.57     -1.97     -1.49 
 2658  26.58     -1.99     -1.37 
 2659  26.59     -2.00     -1.34 
 2660  26.60     -2.02     -1.56 
 2661  26.61     -2.03     -1.48 
 2662  26.62     -2.05     -1.53 
 2663  26.63     -2.06     -1.53 
 2664  26.64     -2.08     -1.41 
 2665  26.65     -2.09     -1.39 
 2666  26.66     -2.10     -1.41 
 2667  26.67     -2.12     -1.40 
 2668  26.68     -2.13     -1.39 
 2669  26.69     -2.15     -1.36 
 2670  26.70     -2.16     -1.46 
 2671  26.71     -2.18     -1.46 
 2672  26.72     -2.19     -1.45 
 2673  26.73     -2.20     -1.42 
 2674  26.74     -2.22     -1.37 
 2675  26.75     -2.23     -1.36 
 2676  26.76     -2.25     -1.31 
 2677  26.77     -2.26     -1.32 
 2678  26.78     -2.27     -1.34 
 2679  26.79     -2.29     -1.32 
 2680  26.80     -2.30     -1.24 
 2681  26.81     -2.31     -1.23 
 2682  26.82     -2.32     -1.24 
 2683  26.83     -2.34     -1.17 
 2684  26.84     -2.35     -1.03 
 2685  26.85     -2.36     -1.16 
 2686  26.86     -2.37     -1.31 
 2687  26.87     -2.38     -1.36 
 2688  26.88     -2.40     -1.35 
 2689  26.89     -2.41     -1.37 
 2690  26.90     -2.42     -1.27 
 2691  26.91     -2.44     -1.25 
 2692  26.92     -2.45     -1.30 
 2693  26.93     -2.46     -1.25 
 2694  26.94     -2.47     -1.13 
 2695  26.95     -2.49     -1.07 
 2696  26.96     -2.50     -1.10 
 2697  26.97     -2.51     -1.00 
 2698  26.98     -2.52     -0.96 
 2699  26.99     -2.53     -0.98 
 2700  27.00     -2.54     -1.00 
 2701  27.01     -2.55     -0.95 
 2702  27.02     -2.56     -0.96 
 2703  27.03     -2.57     -0.96 
 2704  27.04     -2.58     -1.07 
 2705  27.05     -2.59     -1.06 
 2706  27.06     -2.60     -1.06 
 2707  27.07     -2.61     -1.28 
 2708  27.08     -2.62     -1.34 
 2709  27.09     -2.63     -1.38 
 2710  27.10     -2.65     -1.31 
 2711  27.11     -2.66     -1.38 
 2712  27.12     -2.67     -1.28 
 2713  27.13     -2.69     -1.25 
 2714  27.14     -2.70     -1.23 
 2715  27.15     -2.71     -1.21 
 2716  27.16     -2.72     -1.19 
 2717  27.17     -2.74     -1.08 
 2718  27.18     -2.75     -1.11 
 2719  27.19     -2.76     -1.03 
 2720  27.20     -2.77     -1.04 
 2721  27.21     -2.78     -1.19 
 2722  27.22     -2.79     -1.16 
 2723  27.23     -2.80     -1.16 
 2724  27.24     -2.81     -1.07 
 2725  27.25     -2.82     -1.00 
 2726  27.26     -2.83     -1.00 
 2727  27.27     -2.84     -0.99 
 2728  27.28     -2.85     -0.95 
 2729  27.29     -2.86     -0.99 
 2730  27.30     -2.87     -1.05 
 2731  27.31     -2.88     -1.03 
 2732  27.32     -2.89     -1.05 
 2733  27.33     -2.90     -1.08 
 2734  27.34     -2.92     -0.99 
 2735  27.35     -2.93     -0.93 
 2736  27.36     -2.93     -0.96 
 2737  27.37     -2.94     -1.05 
 2738  27.38     -2.95     -1.10 
 2739  27.39     -2.97     -1.05 
 2740  27.40     -2.98     -1.03 
 2741  27.41     -2.99     -1.03 
 2742  27.42     -3.00     -1.08 
 2743  27.43     -3.01     -1.14 
 2744  27.44     -3.02     -1.21 
 2745  27.45     -3.03     -1.28 
 2746  27.46     -3.04     -1.28 
 2747  27.47     -3.06     -1.21 
 2748  27.48     -3.07     -1.20 
 2749  27.49     -3.08     -1.25 
 2750  27.50     -3.09     -1.31 
 2751  27.51     -3.11     -1.40 
 2752  27.52     -3.12     -1.41 
 2753  27.53     -3.13     -1.45 
 2754  27.54     -3.15     -1.37 
 2755  27.55     -3.16     -1.37 
 2756  27.56     -3.18     -1.44 
 2757  27.57     -3.19     -1.47 
 2758  27.58     -3.21     -1.54 
 2759  27.59     -3.22     -1.45 
 2760  27.60     -3.24     -1.43 
 2761  27.61     -3.25     -1.49 
 2762  27.62     -3.26     -1.43 
 2763  27.63     -3.28     -1.19 
 2764  27.64     -3.29     -1.25 
 2765  27.65     -3.30     -1.15 
 2766  27.66     -3.31     -1.19 
 2767  27.67     -3.33     -1.13 
 2768  27.68     -3.34     -1.22 
 2769  27.69     -3.35     -1.17 
 2770  27.70     -3.36     -1.25 
 2771  27.71     -3.37     -1.20 
 2772  27.72     -3.39     -1.24 
 2773  27.73     -3.40     -1.16 
 2774  27.74     -3.41     -1.08 
 2775  27.75     -3.42     -1.04 
 2776  27.76     -3.43     -1.16 
 2777  27.77     -3.44     -1.05 
 2778  27.78     -3.45     -1.05 
 2779  27.79     -3.46     -0.99 
 2780  27.80     -3.47     -0.90 
 2781  27.81     -3.48     -0.88 
 2782  27.82     -3.49     -0.86 
 2783  27.83     -3.50     -0.96 
 2784  27.84     -3.51     -0.91 
 2785  27.85     -3.52     -0.83 
 2786  27.86     -3.53     -0.70 
 2787  27.87     -3.53     -0.66 
 2788  27.88     -3.54     -0.71 
 2789  27.89     -3.55     -0.87 
 2790  27.90     -3.56     -1.06 
 2791  27.91     -3.57     -1.11 
 2792  27.92     -3.58     -1.12 
 2793  27.93     -3.59     -0.94 
 2794  27.94     -3.60     -0.88 
 2795  27.95     -3.61     -0.76 
 2796  27.96     -3.62     -0.73 
 2797  27.97     -3.62     -0.68 
 2798  27.98     -3.63     -0.77 
 2799  27.99     -3.64     -0.72 
 2800  28.00     -3.64     -0.72 
 2801  28.01     -3.65     -0.79 
 2802  28.02     -3.66     -0.74 
 2803  28.03     -3.67     -0.72 
 2804  28.04     -3.67     -0.76 
 2805  28.05     -3.68     -0.79 
 2806  28.06     -3.69     -0.65 
 2807  28.07     -3.70     -0.67 
 2808  28.08     -3.70     -0.68 
 2809  28.09     -3.71     -0.77 
 2810  28.10     -3.72     -0.94 
 2811  28.11     -3.73     -0.84 
 2812  28.12     -3.74     -0.73 
 2813  28.13     -3.74     -0.83 
 2814  28.14     -3.75     -0.81 
 2815  28.15     -3.76     -0.81 
 2816  28.16     -3.77     -0.91 
 2817  28.17     -3.78     -0.97 
 2818  28.18     -3.79     -0.99 
 2819  28.19     -3.80     -0.86 
 2820  28.20     -3.80     -0.75 
 2821  28.21     -3.81     -0.71 
 2822  28.22     -3.82     -0.75 
 2823  28.23     -3.83     -0.79 
 2824  28.24     -3.83     -0.94 
 2825  28.25     -3.84     -0.94 
 2826  28.26     -3.85     -0.89 
 2827  28.27     -3.86     -0.84 
 2828  28.28     -3.87     -0.91 
 2829  28.29     -3.88     -0.93 
 2830  28.30     -3.89     -0.98 
 2831  28.31     -3.90     -0.96 
 2832  28.32     -3.91     -0.96 
 2833  28.33     -3.92     -0.86 
 2834  28.34     -3.93     -0.83 
 2835  28.35     -3.93     -0.89 
 2836  28.36     -3.94     -1.02 
 2837  28.37     -3.95     -0.97 
 2838  28.38     -3.96     -0.90 
 2839  28.39     -3.97     -0.95 
 2840  28.40     -3.98     -1.05 
 2841  28.41     -3.99     -1.05 
 2842  28.42     -4.00     -1.22 
 2843  28.43     -4.02     -1.24 
 2844  28.44     -4.03     -1.19 
 2845  28.45     -4.04     -1.28 
 2846  28.46     -4.05     -1.38 
 2847  28.47     -4.07     -1.29 
 2848  28.48     -4.08     -1.26 
 2849  28.49     -4.09     -1.25 
 2850  28.50     -4.10     -1.22 
 2851  28.51     -4.12     -1.34 
 2852  28.52     -4.13     -1.58 
 2853  28.53     -4.15     -1.55 
 2854  28.54     -4.16     -1.46 
 2855  28.55     -4.18     -1.50 
 2856  28.56     -4.19     -1.46 
 2857  28.57     -4.21     -1.45 
 2858  28.58     -4.22     -1.47 
 2859  28.59     -4.23     -1.43 
 2860  28.60     -4.25     -1.42 
 2861  28.61     -4.26     -1.46 
 2862  28.62     -4.28     -1.36 
 2863  28.63     -4.29     -1.36 
 2864  28.64     -4.30     -1.38 
 2865  28.65     -4.32     -1.57 
 2866  28.66     -4.33     -1.56 
 2867  28.67     -4.35     -1.52 
 2868  28.68     -4.36     -1.63 
 2869  28.69     -4.38     -1.72 
 2870  28.70     -4.40     -1.73 
 2871  28.71     -4.42     -1.66 
 2872  28.72     -4.43     -1.50 
 2873  28.73     -4.45     -1.46 
 2874  28.74     -4.46     -1.39 
 2875  28.75     -4.48     -1.52 
 2876  28.76     -4.49     -1.63 
 2877  28.77     -4.51     -1.61 
 2878  28.78     -4.52     -1.60 
 2879  28.79     -4.54     -1.74 
 2880  28.80     -4.56     -1.77 
 2881  28.81     -4.57     -1.89 
 2882  28.82     -4.59     -1.82 
 2883  28.83     -4.61     -1.84 
 2884  28.84     -4.63     -1.81 
 2885  28.85     -4.65     -1.78 
 2886  28.86     -4.67     -1.65 
 2887  28.87     -4.68     -1.65 
 2888  28.88     -4.70     -1.51 
 2889  28.89     -4.71     -1.51 
 2890  28.90     -4.73     -1.51 
 2891  28.91     -4.74     -1.60 
 2892  28.92     -4.76     -1.55 
 2893  28.93     -4.78     -1.53 
 2894  28.94     -4.79     -1.52 
 2895  28.95     -4.81     -1.50 
 2896  28.96     -4.82     -1.54 
 2897  28.97     -4.84     -1.49 
 2898  28.98     -4.85     -1.53 
 2899  28.99     -4.87     -1.70 
 2900  29.00     -4.88     -1.68 
 2901  29.01     -4.90     -1.83 
 2902  29.02     -4.92     -1.73 
 2903  29.03     -4.94     -1.67 
 2904  29.04     -4.95     -1.50 
 2905  29.05     -4.97     -1.52 
 2906  29.06     -4.98     -1.59 
 2907  29.07     -5.00     -1.51 
 2908  29.08     -5.01     -1.56 
